0.0041
0.00432
0.00454
0.00478
0.00503
0.00532
0.00562
0.00595
0.00629
0.00665
0.00705
0.00742
0.00783
0.00828
0.00875
0.00924
0.0098
0.01037
0.01097
0.01162
0.0123
0.01299
0.01371
0.01444
0.01522
0.01611
0.01736
0.01866
0.02009
0.02158
0.02313
0.02484
0.02664
0.02854
0.03056
0.03263
0.03475
0.03702
0.03931
0.04166
0.04414
0.04672
0.04942
0.05234
0.05537
0.05847
0.06174
0.06509
0.06864
0.0723
0.07605
0.08003
0.08434
0.08884
0.09377
0.09895
0.10426
0.10974
0.11516
0.12058
0.12612
0.13165
0.13727
0.143
0.14884
0.15477
0.16088
0.16715
0.1735
0.18018
0.18704
0.19391
0.20101
0.20834
0.21588
0.22373
0.23155
0.23947
0.24739
0.25545
0.2635
0.27185
0.28016
0.28856
0.29723
0.30576
0.31408
0.32278
0.33143
0.34008
0.34881
0.35748
0.36623
0.37499
0.38382
0.39271
0.40174
0.4108
0.41992
0.42927
0.4386
0.44783
0.45712
0.46619
0.47519
0.48396
0.49263
0.50121
0.50961
0.51831
0.52708
0.53583
0.54456
0.55341
0.56224
0.57101
0.57997
0.58881
0.59742
0.60613
0.61448
0.62257
0.63073
0.63863
0.64623
0.65359
0.66055
0.66752
0.67447
0.6814
0.68811
0.69482
0.70119
0.70746
0.71357
0.71932
0.72513
0.7311
0.73666
0.74217
0.74769
0.75312
0.75849
0.76376
0.76889
0.77372
0.77846
0.7831
0.78768
0.79231
0.79653
0.80065
0.80482
0.80874
0.81254
0.81629
0.81981
0.82322
0.82652
0.82982
0.83285
0.83578
0.83866
0.84163
0.84442
0.84727
0.85003
0.85254
0.85489
0.85718
0.85929
0.86147
0.86375
0.86594
0.86813
0.87045
0.87277
0.8751
0.87709
0.87897
0.88081
0.8826
0.88434
0.88616
0.88798
0.88978
0.89158
0.89345
0.89528
0.8971
0.89889
0.90064
0.90236
0.90426
0.90616
0.9081
0.91012
0.91205
0.91385
0.91562
0.91718
0.91875
0.9204
0.92194
0.92346
0.92498
0.92647
0.92795
0.92947
0.9311
0.93277
0.93451
0.93622
0.93792
0.93948
0.94105
0.94244
0.94384
0.94519
0.9466
0.94808
0.94951
0.95091
0.95225
0.95345
0.95465
0.95572
0.95679
0.95789
0.95926
0.9606
0.96188
0.96315
0.9644
0.96564
0.9669
0.96828
0.96975
0.97103
0.97231
0.97343
0.97465
0.97595
0.97715
0.97796
0.97852
0.97877
0.97881
0.97872
0.97852
0.97814
0.97776
0.97718
0.97652
0.97591
0.97533
0.97474
0.97408
0.97337
0.97271
0.97202
0.97118
0.9702
0.96925
0.96799
0.96658
0.96504
0.9634
0.96171
0.95993
0.95817
0.9564
0.95465
0.95277
0.9508
0.94889
0.94701
0.94497
0.94297
0.94089
0.93881
0.93664
0.93454
0.93243
0.93032
0.92802
0.92566
0.92312
0.92045
0.91785
0.91524
0.91271
0.91008
0.90734
0.90468
0.90219
0.89986
0.89779
0.89581
0.89389
0.89197
0.88999
0.888
0.88616
0.88432
0.88242
0.88047
0.87845
0.87648
0.87446
0.87231
0.87012
0.86801
0.86593
0.86385
0.86204
0.86036
0.85876
0.85724
0.85571
0.85425
0.85266
0.85097
0.84932
0.84775
0.84622
0.8447
0.84314
0.8416
0.83995
0.83832
0.83654
0.83473
0.83294
0.83114
0.8293
0.8276
0.82591
0.82425
0.82264
0.82103
0.81938
0.81749
0.81573
0.81402
0.8123
0.81055
0.8088
0.80703
0.80526
0.80352
0.80189
0.80037
0.79883
0.79732
0.79578
0.79431
0.79284
0.79138
0.78985
0.78848
0.78704
0.78553
0.78395
0.7824
0.78078
0.77911
0.77736
0.77562
0.77385
0.77201
0.77008
0.76817
0.76621
0.76422
0.76205
0.75982
0.75752
0.75514
0.75294
0.75086
0.74878
0.7466
0.7444
0.7422
0.73996
0.73765
0.73522
0.73268
0.73008
0.72712
0.72416
0.72107
0.7182
0.71509
0.71186
0.70847
0.70504
0.70141
0.6976
0.69378
0.69
0.68601
0.68196
0.6779
0.67356
0.66911
0.66449
0.65968
0.65486
0.65006
0.64505
0.64007
0.63512
0.63012
0.62501
0.61989
0.61463
0.60937
0.604
0.59834
0.59272
0.58705
0.58114
0.57527
0.56938
0.56351
0.55763
0.55185
0.54588
0.53978
0.53346
0.52705
0.52081
0.51453
0.50816
0.50184
0.49551
0.48927
0.4831
0.4768
0.47079
0.46469
0.45856
0.45247
0.44638
0.44025
0.43425
0.42826
0.42237
0.41668
0.41094
0.40504
0.39935
0.3937
0.38803
0.38261
0.37729
0.37204
0.36689
0.36178
0.35663
0.35151
0.34638
0.34116
0.33603
0.33091
0.32574
0.32072
0.3157
0.31074
0.30601
0.30135
0.29677
0.29243
0.28814
0.28376
0.27953
0.27534
0.27106
0.26703
0.26299
0.25891
0.25485
0.25078
0.24681
0.2429
0.23893
0.23502
0.23111
0.22718
0.22334
0.21953
0.21579
0.21215
0.20853
0.20503
0.20162
0.19821
0.19492
0.19172
0.18856
0.18544
0.18246
0.17942
0.17634
0.17328
0.1702
0.16704
0.1639
0.16083
0.15771
0.15467
0.15174
0.14881
0.14594
0.1431
0.14029
0.13756
0.13486
0.13222
0.12965
0.12715
0.12461
0.12216
0.11975
0.1173
0.11495
0.1126
0.1103
0.10798
0.10568
0.10342
0.10134
0.0993
0.09728
0.0953
0.09332
0.09142
0.08954
0.08765
0.0858
0.08409
0.08237
0.08067
0.07903
0.07739
0.07568
0.07401
0.07235
0.07067
0.06899
0.06731
0.06565
0.06401
0.06242
0.06089
0.0594
0.05793
0.05659
0.05532
0.05406
0.05286
0.05167
0.05049
0.04934
0.04823
0.04714
0.04609
0.0451
0.04411
0.04314
0.0422
0.04125
0.03995
0.03902
0.03812
0.03732
0.03651
0.03572
0.03493
0.0342
0.0335
0.03286
0.03226
0.03169
0.03114
0.03059
0.03006
0.02954
0.02905
0.02859
0.02814
0.0277
0.02728
0.02687
0.02648
0.02615
0.02582
0.02551
0.02531
0.02509
0.02487
0.02465
0.02445
0.02425
0.02405
0.02387
0.02369
0.02352
0.02335
0.02316
0.02297
0.02276
0.02256
0.02235
0.02214
0.02194
0.02177
0.0216
0.02144
0.02131
0.02115
0.02098
0.02083