0.00336
0.00336
0.0035
0.00342
0.00302
0.00285
0.00288
0.0029
0.00302
0.00293
0.00276
0.00269
0.00254
0.0024
0.00236
0.00245
0.0024
0.00214
0.00184
0.00175
0.00166
0.00179
0.00166
0.0017
0.00136
0.00118
0.00105
0.000830601
0.000874317
0.000918033
0.000874317
0.000699454
0.000655738
0.000437158
0.000568306
0.00118
0.00149
0.00227
0.00232
0.00249
0.00271
0.00332
0.00367
0.00455
0.00485
0.00581
0.00634
0.00721
0.00787
0.00918
0.01058
0.0118
0.01342
0.01464
0.01652
0.01792
0.02011
0.02164
0.02356
0.02531
0.02706
0.0289
0.03086
0.03314
0.03567
0.03816
0.04074
0.04398
0.04704
0.05093
0.05438
0.05867
0.06247
0.06723
0.07117
0.07528
0.07961
0.08393
0.08905
0.09338
0.0988
0.10291
0.10758
0.11217
0.11716
0.12184
0.12695
0.13137
0.13683
0.14177
0.14737
0.15261
0.15773
0.1631
0.16839
0.17421
0.17989
0.18654
0.19204
0.19895
0.20503
0.21102
0.21679
0.22264
0.22925
0.23528
0.24254
0.24944
0.25705
0.26378
0.27091
0.27742
0.28442
0.29084
0.2981
0.30457
0.31204
0.31908
0.32608
0.33303
0.33972
0.34658
0.35296
0.36
0.36577
0.37272
0.37945
0.38636
0.39287
0.39899
0.40546
0.41154
0.41836
0.42417
0.43104
0.43703
0.44433
0.45084
0.45736
0.46361
0.47021
0.4758
0.48201
0.48769
0.49329
0.49867
0.50387
0.50933
0.51454
0.52026
0.52529
0.53106
0.53617
0.54203
0.54732
0.55226
0.55707
0.56179
0.56717
0.57198
0.57705
0.58142
0.58645
0.59148
0.59659
0.60136
0.60643
0.61071
0.61587
0.62059
0.62588
0.63012
0.63423
0.63851
0.64284
0.64717
0.65176
0.65666
0.66094
0.6661
0.67117
0.67703
0.68254
0.68804
0.69316
0.69862
0.70404
0.70964
0.71515
0.72066
0.72625
0.7322
0.73797
0.74321
0.74881
0.7541
0.76009
0.76625
0.77167
0.77661
0.78181
0.78658
0.7913
0.79611
0.80013
0.80525
0.80901
0.81316
0.81674
0.82111
0.82518
0.82946
0.83309
0.83738
0.84074
0.84433
0.84752
0.85141
0.85504
0.85889
0.86203
0.86544
0.86868
0.87252
0.87637
0.88044
0.88398
0.88748
0.89075
0.89469
0.89805
0.90181
0.90514
0.90907
0.91248
0.91615
0.91939
0.92293
0.92643
0.93036
0.93456
0.93819
0.9416
0.94531
0.94881
0.95244
0.95611
0.95913
0.96205
0.96455
0.96669
0.96883
0.97106
0.97307
0.97473
0.97587
0.97587
0.97583
0.97464
0.97386
0.97189
0.96975
0.96695
0.96341
0.95974
0.95532
0.95082
0.94636
0.94173
0.93692
0.93268
0.92756
0.92271
0.91698
0.91187
0.90592
0.90068
0.89469
0.88883
0.88297
0.8772
0.87279
0.86846
0.86391
0.8584
0.85403
0.84918
0.84494
0.84026
0.83589
0.83213
0.82798
0.82383
0.81854
0.81268
0.80643
0.80013
0.79397
0.78863
0.78273
0.77749
0.77137
0.76595
0.75996
0.75405
0.74758
0.74063
0.73346
0.72634
0.71996
0.71305
0.70671
0.70077
0.69456
0.68866
0.68162
0.67576
0.6689
0.66304
0.65705
0.65102
0.64581
0.63965
0.63362
0.62732
0.6212
0.61464
0.60809
0.60131
0.59458
0.5878
0.58129
0.57521
0.56901
0.56302
0.55668
0.55056
0.54334
0.53674
0.52922
0.52245
0.51489
0.50824
0.5012
0.49473
0.48804
0.48105
0.47506
0.4682
0.46234
0.45631
0.45049
0.44411
0.43856
0.43244
0.42684
0.42077
0.41451
0.40931
0.40323
0.39816
0.39217
0.38728
0.38168
0.3767
0.37123
0.36634
0.36105
0.35628
0.35117
0.34645
0.34129
0.33604
0.3311
0.32608
0.32131
0.31655
0.3127
0.30793
0.30343
0.29893
0.29499
0.29054
0.28599
0.28157
0.27716
0.27292
0.26842
0.26431
0.2602
0.25617
0.25215
0.24883
0.24485
0.24092
0.23685
0.23301
0.22916
0.22584
0.22199
0.21814
0.2143
0.21045
0.20673
0.20345
0.19987
0.19633
0.19362
0.19021
0.18767
0.18426
0.18103
0.1777
0.17451
0.17128
0.16852
0.16533
0.16197
0.15873
0.15615
0.15301
0.1503
0.14728
0.14409
0.14168
0.13858
0.13635
0.1332
0.13115
0.12835
0.12643
0.12367
0.12074
0.11803
0.11515
0.11244
0.11051
0.10798
0.10566
0.10321
0.10077
0.09897
0.09666
0.09513
0.09272
0.09067
0.08857
0.08699
0.08507
0.08306
0.08109
0.07913
0.07725
0.07541
0.07362
0.07143
0.06973
0.06807
0.0664
0.06492
0.0633
0.06151
0.06011
0.05893
0.05827
0.05705
0.05517
0.05368
0.05167
0.05045
0.04922
0.04809
0.04717
0.04621
0.04468
0.04363
0.0421
0.04127
0.04031
0.03965
0.03847
0.03764
0.03637
0.03567
0.03493
0.0344
0.0334
0.0327
0.03161
0.03025
0.02964
0.02907
0.02885
0.02824
0.02811
0.02754
0.02671
0.02553
0.02501
0.02452
0.02431
0.02374
0.02365
0.0226
0.02208
0.02168
0.02142
0.0209
0.02055
0.01941
0.01937
0.01897
0.0188
0.01854
0.0184
0.01749
0.01744
0.01648
0.01639
0.01543
0.01543
0.01517
0.01526
0.01456
0.0143
0.01351
0.01351
0.01329
0.01325
0.01268
0.01246
0.01185
0.01189
0.01106
0.01123
0.01036
0.0104
0.00984
0.00962
0.00896
0.00901
0.00883
0.00879
0.00822
0.00796
0.0073
0.00708
0.00678
0.00669
0.00678
0.00656
0.00673
0.0059
0.00529
0.00516
0.00516
0.00507
0.00507
0.00516
0.0052
0.00503
0.00472
0.00459
0.00459
0.00437
0.00437
0.00358
0.00372
0.00358
0.00363
0.00363
0.00376
0.00328
0.00341
0.00284
0.00289
0.00219
0.00223
0.0028
0.00289
0.0031
0.00297
0.00254
0.00249
0.00197
0.00205
0.00192
0.00219
0.00192
0.00232
0.0021
0.00245
0.0021
0.00245
0.00227
0.00258
0.00223
0.00262
0.00249
0.00289
0.00284
0.00323
0.0031
0.00297
0.00302
0.0028
0.00297
0.0031
0.00323
0.00363
0.00354
0.00389
0.0038
0.00401
0.0039
0.00397
0.0039
0.00404
0.00397
0.00425
0.00405
0.00451
0.00423
0.00429
0.00404