4004	0.00324
4008	0.00339
4012	0.00356
4016	0.00377
4020	0.00401
4024	0.00425
4028	0.00453
4032	0.0048
4036	0.0051
4040	0.00544
4044	0.00582
4048	0.00616
4052	0.00662
4056	0.00714
4060	0.00765
4064	0.00819
4068	0.00879
4072	0.00936
4076	0.01
4080	0.01068
4084	0.01137
4088	0.01215
4092	0.01299
4096	0.01384
4100	0.01476
4104	0.01572
4108	0.01699
4112	0.01845
4116	0.01994
4120	0.02147
4124	0.02328
4128	0.02521
4132	0.02718
4136	0.02934
4140	0.03157
4144	0.03394
4148	0.03646
4152	0.03907
4156	0.04175
4160	0.04464
4164	0.04764
4168	0.05075
4172	0.05407
4176	0.0575
4180	0.06113
4184	0.06498
4188	0.06897
4192	0.07318
4196	0.07749
4200	0.08198
4204	0.08674
4208	0.09171
4212	0.09684
4216	0.1022
4220	0.10751
4224	0.11316
4228	0.11905
4232	0.12506
4236	0.13116
4240	0.13757
4244	0.14403
4248	0.15075
4252	0.15784
4256	0.16501
4260	0.17243
4264	0.18016
4268	0.18788
4272	0.1958
4276	0.20404
4280	0.21226
4284	0.22053
4288	0.2291
4292	0.23763
4296	0.24616
4300	0.25497
4304	0.26379
4308	0.27254
4312	0.28123
4316	0.29032
4320	0.29939
4324	0.30889
4328	0.31822
4332	0.3276
4336	0.33743
4340	0.34723
4344	0.35706
4348	0.36683
4352	0.37656
4356	0.38627
4360	0.3962
4364	0.40609
4368	0.416
4372	0.4261
4376	0.43615
4380	0.44618
4384	0.45626
4388	0.46621
4392	0.47611
4396	0.48598
4400	0.49568
4404	0.50535
4408	0.51493
4412	0.52427
4416	0.53368
4420	0.54312
4424	0.55262
4428	0.56187
4432	0.57087
4436	0.57986
4440	0.58879
4444	0.59748
4448	0.60613
4452	0.61459
4456	0.62275
4460	0.63075
4464	0.63852
4468	0.64605
4472	0.6536
4476	0.66092
4480	0.668
4484	0.6751
4488	0.68216
4492	0.68895
4496	0.69567
4500	0.70233
4504	0.70866
4508	0.71494
4512	0.7213
4516	0.72766
4520	0.73357
4524	0.7395
4528	0.74491
4532	0.75028
4536	0.7556
4540	0.76049
4544	0.76522
4548	0.76991
4552	0.77451
4556	0.779
4560	0.78351
4564	0.7877
4568	0.7918
4572	0.79589
4576	0.79965
4580	0.8033
4584	0.80698
4588	0.81037
4592	0.8138
4596	0.81723
4600	0.82056
4604	0.824
4608	0.82731
4612	0.83047
4616	0.83372
4620	0.83676
4624	0.83964
4628	0.84253
4632	0.84533
4636	0.84825
4640	0.85099
4644	0.85369
4648	0.85627
4652	0.85892
4656	0.86142
4660	0.86397
4664	0.8666
4668	0.86921
4672	0.87179
4676	0.87434
4680	0.87687
4684	0.8793
4688	0.88172
4692	0.88406
4696	0.88636
4700	0.88865
4704	0.89099
4708	0.89333
4712	0.8956
4716	0.8979
4720	0.90021
4724	0.90247
4728	0.90471
4732	0.90698
4736	0.90928
4740	0.91154
4744	0.91372
4748	0.91589
4752	0.91803
4756	0.92016
4760	0.92235
4764	0.92449
4768	0.92654
4772	0.92859
4776	0.93053
4780	0.9325
4784	0.93434
4788	0.93609
4792	0.93783
4796	0.93944
4800	0.94096
4804	0.94255
4808	0.94421
4812	0.94586
4816	0.94749
4820	0.94902
4824	0.95061
4828	0.95218
4832	0.95372
4836	0.95526
4840	0.95674
4844	0.95824
4848	0.95975
4852	0.96136
4856	0.96292
4860	0.96453
4864	0.96596
4868	0.96728
4872	0.96843
4876	0.96954
4880	0.97061
4884	0.9716
4888	0.97258
4892	0.9735
4896	0.97438
4900	0.97533
4904	0.97627
4908	0.97714
4912	0.978
4916	0.97888
4920	0.97971
4924	0.98057
4928	0.98135
4932	0.98221
4936	0.98289
4940	0.98331
4944	0.98374
4948	0.98418
4952	0.9845
4956	0.98476
4960	0.98492
4964	0.98497
4968	0.98481
4972	0.98473
4976	0.98473
4980	0.98475
4984	0.98474
4988	0.98471
4992	0.98468
4996	0.98464
5000	0.98449
5004	0.98434
5008	0.98394
5012	0.98334
5016	0.98267
5020	0.9819
5024	0.98111
5028	0.9802
5032	0.97911
5036	0.97799
5040	0.97681
5044	0.97536
5048	0.97394
5052	0.97247
5056	0.97087
5060	0.96929
5064	0.9676
5068	0.96603
5072	0.96445
5076	0.96298
5080	0.96124
5084	0.9595
5088	0.95782
5092	0.95593
5096	0.95404
5100	0.95218
5104	0.95005
5108	0.94793
5112	0.94571
5116	0.94348
5120	0.94122
5124	0.93883
5128	0.93638
5132	0.93383
5136	0.93112
5140	0.92859
5144	0.92624
5148	0.9238
5152	0.92136
5156	0.91898
5160	0.91669
5164	0.91449
5168	0.91215
5172	0.90993
5176	0.90771
5180	0.90519
5184	0.90262
5188	0.90004
5192	0.89753
5196	0.89498
5200	0.8924
5204	0.88994
5208	0.8874
5212	0.88489
5216	0.8824
5220	0.87997
5224	0.8776
5228	0.8752
5232	0.87278
5236	0.8704
5240	0.86797
5244	0.8656
5248	0.86339
5252	0.86119
5256	0.85903
5260	0.85686
5264	0.85462
5268	0.85245
5272	0.85021
5276	0.84798
5280	0.84568
5284	0.84363
5288	0.84158
5292	0.83953
5296	0.83773
5300	0.83587
5304	0.83393
5308	0.83222
5312	0.83046
5316	0.82881
5320	0.82714
5324	0.82546
5328	0.82381
5332	0.82217
5336	0.82063
5340	0.81913
5344	0.8176
5348	0.81598
5352	0.81437
5356	0.81275
5360	0.81118
5364	0.80951
5368	0.80783
5372	0.8063
5376	0.8048
5380	0.80332
5384	0.80194
5388	0.80067
5392	0.79936
5396	0.79812
5400	0.79692
5404	0.79572
5408	0.79451
5412	0.79335
5416	0.79218
5420	0.79097
5424	0.78973
5428	0.78848
5432	0.7872
5436	0.786
5440	0.78476
5444	0.7834
5448	0.78206
5452	0.78074
5456	0.77931
5460	0.77789
5464	0.77637
5468	0.77475
5472	0.77305
5476	0.7714
5480	0.76968
5484	0.76793
5488	0.76612
5492	0.76421
5496	0.76227
5500	0.76026
5504	0.75817
5508	0.75616
5512	0.75398
5516	0.7518
5520	0.74955
5524	0.74706
5528	0.74452
5532	0.74198
5536	0.73933
5540	0.73666
5544	0.73396
5548	0.73111
5552	0.72833
5556	0.72545
5560	0.72235
5564	0.71924
5568	0.71601
5572	0.71257
5576	0.70916
5580	0.70561
5584	0.70181
5588	0.69803
5592	0.69401
5596	0.68988
5600	0.68556
5604	0.68123
5608	0.67681
5612	0.67223
5616	0.66765
5620	0.66293
5624	0.65818
5628	0.65342
5632	0.64856
5636	0.64368
5640	0.63865
5644	0.63353
5648	0.62848
5652	0.62336
5656	0.61805
5660	0.61273
5664	0.60736
5668	0.60198
5672	0.59661
5676	0.59129
5680	0.58582
5684	0.5802
5688	0.57467
5692	0.56892
5696	0.56321
5700	0.55734
5704	0.55142
5708	0.54556
5712	0.53959
5716	0.53354
5720	0.52753
5724	0.52143
5728	0.51551
5732	0.50961
5736	0.50368
5740	0.49771
5744	0.49169
5748	0.48559
5752	0.47953
5756	0.47342
5760	0.46731
5764	0.46136
5768	0.45536
5772	0.4494
5776	0.44355
5780	0.4377
5784	0.43181
5788	0.4261
5792	0.42029
5796	0.41458
5800	0.40895
5804	0.40345
5808	0.3978
5812	0.3922
5816	0.38671
5820	0.38109
5824	0.37561
5828	0.37014
5832	0.3645
5836	0.35899
5840	0.35357
5844	0.34826
5848	0.3431
5852	0.33789
5856	0.33257
5860	0.32739
5864	0.32228
5868	0.31713
5872	0.31206
5876	0.30704
5880	0.30188
5884	0.29683
5888	0.29192
5892	0.28691
5896	0.28217
5900	0.27741
5904	0.27273
5908	0.26805
5912	0.26345
5916	0.25896
5920	0.25459
5924	0.2502
5928	0.24588
5932	0.24159
5936	0.23738
5940	0.23314
5944	0.22902
5948	0.22497
5952	0.22098
5956	0.21708
5960	0.21321
5964	0.20941
5968	0.2056
5972	0.2018
5976	0.19811
5980	0.19445
5984	0.19072
5988	0.18717
5992	0.18365
5996	0.18016
6000	0.17671
6004	0.17336
6008	0.16992
6012	0.16662
6016	0.16328
6020	0.15997
6024	0.15677
6028	0.15361
6032	0.15048
6036	0.1475
6040	0.14453
6044	0.14146
6048	0.13845
6052	0.13542
6056	0.13252
6060	0.12974
6064	0.12696
6068	0.12416
6072	0.12143
6076	0.11877
6080	0.11609
6084	0.11351
6088	0.11104
6092	0.1086
6096	0.1062
6100	0.10385
6104	0.10153
6108	0.09926
6112	0.0971
6116	0.09492
6120	0.09274
6124	0.09062
6128	0.08847
6132	0.08639
6136	0.08439
6140	0.08234
6144	0.08035
6148	0.07843
6152	0.07647
6156	0.07454
6160	0.07266
6164	0.07077
6168	0.06891
6172	0.06711
6176	0.06537
6180	0.06361
6184	0.06191
6188	0.06026
6192	0.05861
6196	0.05698
6200	0.05541
6204	0.05385
6208	0.05226
6212	0.05081
6216	0.04937
6220	0.04802
6224	0.04671
6228	0.04542
6232	0.04417
6236	0.04299
6240	0.04186
6244	0.04071
6248	0.03964
6252	0.03858
6256	0.03754
6260	0.03651
6264	0.03555
6268	0.03458
6272	0.03364
6276	0.03274
6280	0.03185
6284	0.03099
6288	0.03024
6292	0.02943
6296	0.02861
6300	0.02788
6304	0.02711
6308	0.02634
6312	0.02567
6316	0.02498
6320	0.02429
6324	0.02362
6328	0.02295
6332	0.02233
6336	0.02176
6340	0.02119
6344	0.0206
6348	0.02006
6352	0.0195
6356	0.01899
6360	0.01853
6364	0.01786
6368	0.01739
6372	0.01695
6376	0.0165
6380	0.01606
6384	0.01568
6388	0.0153
6392	0.01497
6396	0.01466
6400	0.01436
6404	0.01416
6408	0.014
6412	0.01385
6416	0.01366
6420	0.0135
6424	0.01335
6428	0.0132
6432	0.01306
6436	0.01291
6440	0.01275
6444	0.01255
6448	0.01239
6452	0.01224
6456	0.01206
6460	0.01189
6464	0.01175
6468	0.01155
6472	0.01141
6476	0.01133
6480	0.0112
6484	0.01107
6488	0.01098
6492	0.01081
6496	0.0106
6500	0.01048
