0.000470958
0.000524781
0.000598639
0.000663265
0.000768307
0.000861678
0.00094522
0.00104
0.00113
0.00122
0.00135
0.00148
0.0016
0.00181
0.00202
0.00227
0.00255
0.00282
0.00315
0.00351
0.0039
0.00433
0.00478
0.00527
0.00583
0.00642
0.00702
0.00769
0.00842
0.00919
0.01009
0.01105
0.01205
0.01319
0.01443
0.01574
0.01722
0.01879
0.02044
0.02225
0.02411
0.02606
0.02823
0.0305
0.03287
0.03551
0.03822
0.04103
0.04413
0.04731
0.05061
0.05422
0.05798
0.06181
0.06599
0.0702
0.07453
0.07927
0.08405
0.0889
0.09416
0.09944
0.10496
0.11089
0.11685
0.12296
0.12937
0.13584
0.14232
0.14919
0.15613
0.16325
0.17084
0.17832
0.1863
0.19438
0.20237
0.21061
0.21891
0.227
0.23541
0.24393
0.25226
0.26098
0.26971
0.27832
0.28733
0.29634
0.30508
0.31432
0.32362
0.33273
0.34225
0.35193
0.36142
0.37104
0.38065
0.38994
0.39985
0.40945
0.41918
0.42916
0.43878
0.44849
0.45853
0.46834
0.47807
0.488
0.4977
0.5074
0.51731
0.52681
0.53629
0.54593
0.55499
0.56397
0.57301
0.5815
0.59002
0.59864
0.60699
0.61513
0.6234
0.6311
0.63864
0.64622
0.65347
0.66085
0.66823
0.67528
0.68237
0.68955
0.69642
0.70297
0.70965
0.71584
0.72191
0.72793
0.73367
0.73951
0.74526
0.75089
0.75657
0.76201
0.76712
0.77216
0.77722
0.78198
0.78666
0.79118
0.79541
0.79966
0.80372
0.80759
0.81138
0.81497
0.8184
0.82184
0.82529
0.82851
0.83176
0.83496
0.83794
0.84091
0.84372
0.84647
0.84916
0.85172
0.85425
0.85677
0.85917
0.86144
0.86377
0.86596
0.86821
0.87053
0.87273
0.87496
0.87713
0.8792
0.88119
0.88312
0.88491
0.88673
0.88857
0.8903
0.89203
0.89383
0.89553
0.89726
0.89897
0.90067
0.90237
0.90403
0.90568
0.90738
0.90921
0.91089
0.91267
0.91453
0.91618
0.91781
0.91946
0.92108
0.92266
0.92424
0.92581
0.92746
0.92908
0.93056
0.93205
0.93345
0.93476
0.93626
0.93767
0.93897
0.94029
0.9416
0.94291
0.9441
0.94522
0.94625
0.94735
0.94833
0.94916
0.95016
0.95115
0.95202
0.95295
0.95391
0.95489
0.95587
0.95678
0.95778
0.95879
0.95974
0.96075
0.96207
0.96336
0.96467
0.9664
0.96816
0.96989
0.97166
0.9734
0.975
0.97652
0.97793
0.9793
0.98052
0.98152
0.98233
0.98309
0.98366
0.9841
0.98449
0.98478
0.98485
0.98485
0.9848
0.98475
0.98456
0.98407
0.98358
0.98318
0.9823
0.98103
0.97971
0.97817
0.97647
0.97489
0.97331
0.97159
0.96975
0.96784
0.96575
0.96389
0.96201
0.96023
0.95837
0.95652
0.95438
0.95246
0.95043
0.94834
0.94638
0.94444
0.94237
0.94003
0.93747
0.93504
0.93272
0.93045
0.92821
0.92619
0.92405
0.92194
0.91997
0.91804
0.91615
0.9145
0.91275
0.91076
0.90877
0.90678
0.90475
0.90291
0.90085
0.89879
0.8968
0.89469
0.89256
0.89055
0.88857
0.88663
0.88456
0.88242
0.88023
0.87807
0.87589
0.87378
0.87171
0.86962
0.86759
0.86571
0.86374
0.86176
0.86015
0.85833
0.85667
0.85515
0.85383
0.8527
0.85166
0.85066
0.8497
0.84882
0.84784
0.84687
0.84596
0.84506
0.84428
0.84353
0.84281
0.84212
0.84137
0.84047
0.83956
0.83861
0.83758
0.8366
0.83554
0.83438
0.83332
0.83218
0.83069
0.82904
0.82731
0.82549
0.82358
0.82165
0.81989
0.81825
0.81669
0.8151
0.8136
0.8121
0.81047
0.80885
0.80713
0.80542
0.80385
0.80233
0.80075
0.79905
0.79726
0.79543
0.79352
0.79154
0.78939
0.78733
0.78522
0.78318
0.78113
0.77892
0.77654
0.77396
0.77115
0.76836
0.76545
0.76214
0.7586
0.75491
0.75076
0.74653
0.74217
0.73757
0.73278
0.72802
0.72302
0.71812
0.71318
0.70808
0.70281
0.69767
0.69239
0.68718
0.6817
0.67607
0.67053
0.66501
0.65928
0.65358
0.64769
0.64171
0.63574
0.62962
0.62353
0.61768
0.61161
0.60553
0.59944
0.59316
0.58678
0.58077
0.57451
0.56811
0.56173
0.55551
0.54934
0.54327
0.53688
0.53055
0.52436
0.5178
0.51113
0.50454
0.49765
0.49078
0.48392
0.47708
0.47055
0.46407
0.45755
0.4514
0.44544
0.43949
0.43381
0.42815
0.42219
0.41639
0.41079
0.40531
0.39989
0.39437
0.3888
0.38346
0.37819
0.3727
0.36754
0.36245
0.35713
0.35218
0.34723
0.34217
0.33739
0.33259
0.32769
0.32289
0.31799
0.31283
0.3078
0.30263
0.29753
0.29256
0.28753
0.28251
0.27758
0.27251
0.26749
0.2626
0.25753
0.25242
0.24758
0.24274
0.23798
0.23349
0.2289
0.22438
0.22
0.21554
0.21107
0.20681
0.20247
0.19819
0.19419
0.19012
0.18632
0.18258
0.17887
0.17522
0.17169
0.16816
0.16478
0.16139
0.15789
0.15463
0.15158
0.14842
0.14539
0.14238
0.13938
0.13646
0.13353
0.13081
0.12824
0.12584
0.12349
0.12134
0.11923
0.11695
0.11478
0.11242
0.10994
0.10759
0.10536
0.10305
0.1008
0.09863
0.09651
0.09455
0.09259
0.09058
0.08872
0.08678
0.08488
0.08312
0.08132
0.07959
0.07771
0.07585
0.07394
0.07203
0.07012
0.06821
0.06647
0.06475
0.06322
0.06183
0.06042
0.05907
0.0577
0.05631
0.05496
0.05368
0.05239
0.0512
0.05002
0.04877
0.04759
0.04645
0.04534
0.04431
0.04328
0.04232
0.04137
0.04038
0.03946
0.0386
0.03778
0.03698
0.0362
0.03541
0.03458
0.03378
0.03296
0.03218
0.03146
0.03074
0.03001
0.02936
0.0287
0.02807
0.02751
0.02699
0.02647
0.02594
0.02545
0.02498
0.02457
0.02416
0.02382
0.02346
0.02307
0.02266
0.02227
0.02186
0.02149
0.02116
0.02087
0.0206
0.02036
0.02007
0.01977
0.01953
0.01925
0.01899
0.01874
0.0185
0.01825
0.01804
0.01781
0.01758
0.01745
0.0173
0.01716
0.01705
0.0169
0.01678
0.01667
0.01654
0.01645
0.01635
0.01627
0.0162