0.000253036
0.000352444
0.000438596
0.000411184
0.000445046
0.000529971
0.000605956
0.000674342
0.00075188
0.000807416
0.000872426
0.00095943
0.00103
0.00116
0.00129
0.00145
0.00162
0.00175
0.00191
0.00207
0.00228
0.00246
0.00272
0.00296
0.00324
0.00359
0.00393
0.00432
0.00484
0.00533
0.00584
0.00643
0.00701
0.00768
0.00847
0.00933
0.01026
0.0113
0.01242
0.01371
0.01509
0.0165
0.01817
0.01997
0.02187
0.02397
0.02613
0.02838
0.03084
0.03337
0.03588
0.03867
0.04151
0.04442
0.04764
0.05097
0.05441
0.05816
0.06196
0.06589
0.07013
0.07447
0.07888
0.0835
0.08817
0.09286
0.09787
0.10289
0.10789
0.11332
0.11849
0.12396
0.12976
0.13554
0.14142
0.14767
0.15383
0.16021
0.16692
0.17358
0.18032
0.18739
0.19442
0.2015
0.20883
0.21601
0.22321
0.23064
0.238
0.24541
0.25322
0.26097
0.26875
0.27678
0.28457
0.29283
0.30104
0.30905
0.31767
0.32629
0.33468
0.34343
0.35187
0.36021
0.36888
0.37759
0.38605
0.39471
0.40342
0.41179
0.4202
0.42866
0.43692
0.44541
0.45391
0.462
0.47016
0.47805
0.48595
0.494
0.50178
0.5095
0.51729
0.52445
0.53162
0.53895
0.54584
0.55274
0.55975
0.56632
0.57274
0.57928
0.58537
0.59157
0.59762
0.60391
0.61005
0.61629
0.62224
0.62804
0.63407
0.63992
0.64578
0.65159
0.65703
0.66246
0.66789
0.67317
0.67846
0.68354
0.68867
0.69379
0.69918
0.70418
0.70916
0.7142
0.71892
0.72364
0.72838
0.73312
0.73774
0.74237
0.74689
0.75161
0.75624
0.76064
0.76486
0.76959
0.77416
0.77892
0.78359
0.78807
0.79257
0.79703
0.80149
0.80583
0.81005
0.81409
0.81822
0.82232
0.82622
0.83005
0.83418
0.83803
0.84201
0.84559
0.84917
0.85272
0.85603
0.85926
0.86259
0.86592
0.86884
0.87175
0.87441
0.87711
0.87975
0.88253
0.88514
0.88789
0.89038
0.89287
0.89539
0.8978
0.90024
0.90272
0.90522
0.90763
0.91003
0.91228
0.91478
0.91713
0.91943
0.92179
0.92418
0.92646
0.92874
0.93101
0.93316
0.93542
0.93764
0.93993
0.94199
0.94405
0.94599
0.948
0.95001
0.95195
0.95389
0.9557
0.95742
0.95913
0.96088
0.96263
0.96453
0.96611
0.9678
0.96943
0.97097
0.97247
0.97395
0.97547
0.97693
0.97842
0.97979
0.98109
0.98233
0.98347
0.98466
0.98597
0.98721
0.98849
0.98962
0.99067
0.99176
0.99283
0.99388
0.99468
0.9953
0.99578
0.99629
0.99666
0.99696
0.99713
0.9973
0.99733
0.9973
0.99718
0.997
0.99682
0.99653
0.99626
0.99595
0.99551
0.99501
0.99438
0.99367
0.99305
0.99232
0.99158
0.99082
0.99001
0.98922
0.98841
0.98759
0.98668
0.98582
0.98483
0.98387
0.98293
0.98199
0.98101
0.98008
0.97903
0.97782
0.97668
0.97538
0.97413
0.97299
0.97178
0.9705
0.96921
0.96772
0.96632
0.96487
0.96338
0.96195
0.9605
0.95901
0.95751
0.95608
0.95458
0.95322
0.95172
0.9502
0.94851
0.9468
0.94509
0.94314
0.9413
0.93938
0.93754
0.93568
0.9337
0.93167
0.92958
0.92741
0.92543
0.92336
0.92116
0.91903
0.9168
0.91458
0.91224
0.90991
0.90726
0.90457
0.90164
0.89884
0.89599
0.89316
0.89034
0.88753
0.88479
0.88205
0.87938
0.87647
0.87358
0.87063
0.86749
0.86451
0.86166
0.8588
0.85575
0.85289
0.84984
0.84667
0.84328
0.84004
0.83676
0.83387
0.83084
0.82786
0.8248
0.82157
0.81854
0.81539
0.81225
0.80916
0.80596
0.80238
0.79896
0.79526
0.79134
0.78753
0.78368
0.77966
0.77538
0.77117
0.76668
0.76242
0.75808
0.75396
0.7497
0.74492
0.73996
0.73508
0.73038
0.72517
0.71989
0.71414
0.70838
0.70238
0.69616
0.68995
0.68412
0.67804
0.67203
0.66618
0.65987
0.65313
0.64659
0.6403
0.63376
0.62729
0.62045
0.6137
0.60672
0.59963
0.59308
0.5865
0.57958
0.57243
0.56563
0.55878
0.55239
0.54571
0.53882
0.53213
0.52558
0.51879
0.51209
0.50539
0.49845
0.49195
0.48559
0.47903
0.4723
0.46578
0.45937
0.45333
0.44701
0.44072
0.43457
0.42817
0.42179
0.4158
0.41004
0.40405
0.39839
0.39247
0.38696
0.38176
0.37641
0.37091
0.36564
0.36022
0.35488
0.34987
0.34468
0.33964
0.33467
0.32957
0.32468
0.31976
0.31467
0.30988
0.30516
0.30036
0.29558
0.29088
0.28609
0.28118
0.27658
0.27183
0.26722
0.26258
0.25779
0.25314
0.24861
0.24384
0.23943
0.23504
0.23057
0.2263
0.22214
0.21793
0.21389
0.20983
0.20563
0.20157
0.19759
0.19362
0.18984
0.18622
0.18251
0.17888
0.17524
0.17166
0.16814
0.16475
0.16128
0.15799
0.15478
0.15154
0.14851
0.14545
0.14239
0.13951
0.13659
0.13372
0.13096
0.12821
0.1255
0.12296
0.12036
0.11774
0.11521
0.11274
0.11025
0.10792
0.10555
0.10329
0.10117
0.09904
0.09689
0.09484
0.09278
0.09086
0.08896
0.08703
0.0852
0.08342
0.08158
0.07982
0.07808
0.07632
0.07461
0.07292
0.07118
0.06955
0.06797
0.06632
0.06474
0.0632
0.06166
0.06024
0.05884
0.05738
0.056
0.05457
0.05316
0.05183
0.05047
0.04914
0.04784
0.04655
0.04526
0.04407
0.04286
0.04171
0.04066
0.03958
0.03857
0.03758
0.03659
0.03567
0.03486
0.03399
0.03312
0.03229
0.0315
0.03071
0.02996
0.02924
0.02853
0.02789
0.02725
0.02666
0.02609
0.02551
0.025
0.0245
0.02399
0.02355
0.02305
0.02251
0.02208
0.02163
0.02124
0.02083
0.02041
0.01999
0.01963
0.01933
0.01899
0.01868
0.01837
0.01805
0.01778
0.01754
0.01728
0.01703
0.0168
0.01658
0.01639
0.01613
0.01588
0.01564
0.01545
0.01525
0.01509
0.01492
0.01475
0.01462
0.01449
0.01436
0.01424
0.01408
0.01391
0.01378
0.01359
0.01341
0.01335
0.01326
0.01317
0.0131
0.01304
0.01295
0.01285
0.01273
0.01266
0.01263
0.01259
0.0125