0.000693001
0.000772201
0.000780781
0.000788288
0.000794913
0.000750751
0.000711238
0.000675676
0.000643501
0.000573301
0.000509205
0.000487988
0.000468468
0.000432432
0.000396396
0.000396396
0.000432432
0.000468468
0.000540541
0.000648649
0.000792793
0.000900901
0.00101
0.00115
0.00137
0.00155
0.00169
0.00184
0.00202
0.00223
0.00249
0.00277
0.0031
0.00346
0.00386
0.00432
0.00479
0.00523
0.00562
0.00609
0.00652
0.00692
0.00732
0.00775
0.00814
0.00854
0.00897
0.00944
0.01002
0.01052
0.01106
0.01168
0.0124
0.01323
0.01405
0.01503
0.016
0.01701
0.01809
0.0191
0.02004
0.02097
0.02202
0.02314
0.02425
0.02544
0.02663
0.02786
0.02915
0.03049
0.03186
0.03344
0.03521
0.03694
0.0391
0.04148
0.04389
0.04623
0.0484
0.05081
0.05348
0.05647
0.05957
0.06249
0.06555
0.06872
0.07193
0.0751
0.0782
0.08184
0.08562
0.08969
0.09402
0.09845
0.10317
0.10847
0.11369
0.1191
0.12461
0.12991
0.13517
0.14043
0.1458
0.15157
0.15741
0.16306
0.16868
0.17441
0.1805
0.18667
0.19286
0.19932
0.20591
0.21279
0.21942
0.22605
0.23268
0.23924
0.24573
0.25214
0.25795
0.26393
0.26977
0.27575
0.28173
0.28768
0.29366
0.29968
0.30551
0.31128
0.31676
0.32245
0.32807
0.33434
0.34083
0.34714
0.35387
0.36065
0.3675
0.37441
0.3813
0.38814
0.39521
0.4022
0.40926
0.41665
0.42371
0.43034
0.43697
0.44368
0.45045
0.45759
0.46497
0.47243
0.47971
0.48771
0.4951
0.50249
0.50926
0.51575
0.5227
0.52915
0.53557
0.54162
0.5475
0.55319
0.55885
0.56454
0.57013
0.57665
0.58335
0.59034
0.59784
0.60526
0.61261
0.62
0.62703
0.63384
0.64054
0.64732
0.65362
0.66025
0.66695
0.67355
0.68032
0.68695
0.69362
0.70043
0.70757
0.7147
0.72209
0.72941
0.7365
0.74375
0.74995
0.75575
0.76144
0.76688
0.77211
0.77726
0.78231
0.78757
0.79272
0.79777
0.80231
0.80681
0.81132
0.81589
0.81996
0.82396
0.82868
0.83305
0.83697
0.84105
0.84519
0.84937
0.85341
0.8573
0.86115
0.86505
0.86901
0.87297
0.87708
0.88133
0.88559
0.8898
0.89377
0.89784
0.90205
0.90667
0.91117
0.91546
0.91964
0.92447
0.92919
0.93254
0.93596
0.94
0.94357
0.94717
0.95095
0.95427
0.95748
0.96068
0.96386
0.96692
0.96962
0.972
0.97427
0.97629
0.97809
0.97953
0.98076
0.98177
0.98227
0.98259
0.98263
0.98252
0.98198
0.98159
0.98105
0.98025
0.97885
0.97748
0.97553
0.9729
0.97074
0.9685
0.96605
0.96332
0.96022
0.95701
0.95348
0.94966
0.94486
0.93989
0.93514
0.93016
0.92479
0.91957
0.91427
0.90897
0.90306
0.89679
0.88995
0.88306
0.87578
0.86825
0.86018
0.85236
0.84425
0.83614
0.82775
0.81924
0.81056
0.80169
0.79301
0.78454
0.77607
0.7685
0.76094
0.75308
0.74519
0.73751
0.72995
0.72252
0.71521
0.70829
0.70166
0.69524
0.68905
0.68321
0.67762
0.67272
0.66778
0.66339
0.65802
0.65297
0.64811
0.6431
0.63845
0.63391
0.62933
0.62479
0.62043
0.61611
0.61182
0.6076
0.60328
0.59877
0.59409
0.58926
0.5844
0.57942
0.57438
0.56941
0.5645
0.55863
0.55243
0.54627
0.5396
0.53395
0.52829
0.52256
0.51683
0.51081
0.50465
0.49838
0.49168
0.48443
0.47719
0.47031
0.4635
0.45708
0.45099
0.44515
0.43899
0.43315
0.4275
0.42202
0.41654
0.41121
0.40685
0.40238
0.3978
0.39348
0.38897
0.38443
0.37986
0.3751
0.37103
0.36685
0.36245
0.35852
0.35499
0.35157
0.34796
0.34429
0.34047
0.33658
0.33229
0.32858
0.32454
0.32029
0.31604
0.31186
0.3076
0.30339
0.29928
0.29495
0.29077
0.28663
0.28249
0.27841
0.27477
0.27034
0.26616
0.26245
0.25885
0.2551
0.25132
0.24721
0.24321
0.23921
0.2351
0.23139
0.22739
0.22332
0.2195
0.21571
0.21186
0.20807
0.20418
0.20011
0.19636
0.19272
0.18926
0.18577
0.18216
0.17867
0.17564
0.1724
0.16901
0.16559
0.1622
0.15888
0.156
0.15308
0.15016
0.14735
0.14447
0.14191
0.13946
0.13683
0.13413
0.13153
0.12883
0.12627
0.12396
0.12141
0.11877
0.11611
0.11294
0.11059
0.10814
0.10548
0.10292
0.10047
0.09791
0.09564
0.09341
0.09117
0.08901
0.08692
0.0849
0.08295
0.08097
0.07899
0.07719
0.07542
0.07373
0.07214
0.07056
0.0689
0.06746
0.06605
0.06436
0.06317
0.0613
0.0596
0.05798
0.0564
0.05492
0.05362
0.05225
0.05081
0.04941
0.048
0.04656
0.04508
0.0435
0.04195
0.04032
0.03877
0.03726
0.03586
0.03452
0.03323
0.03207
0.03095
0.02977
0.02883
0.02793
0.0271
0.02623
0.02544
0.02468
0.02389
0.02306
0.02227
0.02137
0.02054
0.01975
0.01903
0.01834
0.01777
0.01715
0.01672
0.01625
0.01575
0.01521
0.01467
0.01409
0.01351
0.01294
0.01243
0.01193
0.01146
0.01095
0.01045
0.01002
0.00959
0.00915
0.00876
0.00832
0.00811
0.00775
0.00742
0.00706
0.0067
0.00634
0.00605
0.00573
0.00537
0.00508
0.00483
0.00454
0.00425
0.00396
0.00364
0.00328
0.00288
0.00252
0.00216
0.0018
0.00141
0.00105
0.000720721
0.000432432
0.000108108
0
0
0
0
0
0
0
0
0
0
0
0
0
0
0
0
0
0
0
0
0
0
0
0
0
0
0
0
0
0
0
0
0
0
0
0
0
0
0
0
0
0
0
0
0
0
0
0
0
0
0
0
0
0
0
0
0
0
0
0
0
0
0
0
0
0
0
0
0
0
0
0
0
0
0