4004	0.00134
4008	0.0014
4012	0.00145
4016	0.00153
4020	0.0016
4024	0.00169
4028	0.00175
4032	0.00181
4036	0.00188
4040	0.00195
4044	0.00204
4048	0.00212
4052	0.0022
4056	0.00228
4060	0.00236
4064	0.00248
4068	0.00258
4072	0.00271
4076	0.00284
4080	0.00297
4084	0.00311
4088	0.00326
4092	0.00342
4096	0.00358
4100	0.00374
4104	0.00392
4108	0.00418
4112	0.00445
4116	0.00473
4120	0.00509
4124	0.00546
4128	0.00583
4132	0.00622
4136	0.00659
4140	0.00699
4144	0.00744
4148	0.00787
4152	0.00836
4156	0.00888
4160	0.00943
4164	0.00998
4168	0.01055
4172	0.01112
4176	0.01172
4180	0.01235
4184	0.01302
4188	0.01375
4192	0.01463
4196	0.01553
4200	0.01643
4204	0.01745
4208	0.01854
4212	0.01972
4216	0.02101
4220	0.02226
4224	0.02349
4228	0.02473
4232	0.02607
4236	0.02747
4240	0.02893
4244	0.03045
4248	0.03196
4252	0.03364
4256	0.03541
4260	0.03735
4264	0.03939
4268	0.04151
4272	0.04392
4276	0.04652
4280	0.04906
4284	0.05184
4288	0.05457
4292	0.05733
4296	0.06005
4300	0.06276
4304	0.06547
4308	0.06832
4312	0.07116
4316	0.07397
4320	0.07692
4324	0.08
4328	0.08319
4332	0.08657
4336	0.08997
4340	0.09352
4344	0.09716
4348	0.10092
4352	0.10477
4356	0.10878
4360	0.11271
4364	0.11671
4368	0.12087
4372	0.12516
4376	0.12951
4380	0.13399
4384	0.13861
4388	0.14326
4392	0.14791
4396	0.15254
4400	0.15715
4404	0.16177
4408	0.16633
4412	0.17104
4416	0.17573
4420	0.18039
4424	0.18524
4428	0.18995
4432	0.19468
4436	0.1994
4440	0.20419
4444	0.20904
4448	0.21403
4452	0.21905
4456	0.22416
4460	0.2292
4464	0.23404
4468	0.23877
4472	0.24328
4476	0.24766
4480	0.25188
4484	0.25614
4488	0.26029
4492	0.26451
4496	0.26878
4500	0.27325
4504	0.27782
4508	0.28262
4512	0.28727
4516	0.29192
4520	0.29676
4524	0.30185
4528	0.30687
4532	0.31196
4536	0.31693
4540	0.32201
4544	0.32684
4548	0.33168
4552	0.33634
4556	0.34135
4560	0.34615
4564	0.351
4568	0.35576
4572	0.36047
4576	0.36526
4580	0.37044
4584	0.37546
4588	0.38043
4592	0.38581
4596	0.39132
4600	0.39686
4604	0.40244
4608	0.40799
4612	0.4134
4616	0.41871
4620	0.42401
4624	0.4295
4628	0.43494
4632	0.44063
4636	0.44623
4640	0.45216
4644	0.458
4648	0.46393
4652	0.46985
4656	0.47584
4660	0.48155
4664	0.48734
4668	0.49311
4672	0.49884
4676	0.50467
4680	0.51053
4684	0.51655
4688	0.52277
4692	0.52897
4696	0.53506
4700	0.54126
4704	0.54741
4708	0.55371
4712	0.56031
4716	0.56692
4720	0.57378
4724	0.58051
4728	0.58687
4732	0.59314
4736	0.59924
4740	0.6053
4744	0.61127
4748	0.6174
4752	0.62347
4756	0.62958
4760	0.63531
4764	0.64108
4768	0.64694
4772	0.65322
4776	0.65952
4780	0.66567
4784	0.67126
4788	0.67691
4792	0.68254
4796	0.68783
4800	0.69303
4804	0.69801
4808	0.70302
4812	0.70808
4816	0.71338
4820	0.71884
4824	0.72462
4828	0.73031
4832	0.73606
4836	0.74207
4840	0.74838
4844	0.75441
4848	0.76067
4852	0.76683
4856	0.77295
4860	0.77901
4864	0.78528
4868	0.79147
4872	0.79776
4876	0.80391
4880	0.8103
4884	0.81658
4888	0.8225
4892	0.82838
4896	0.83401
4900	0.83984
4904	0.84535
4908	0.85082
4912	0.85614
4916	0.86091
4920	0.86568
4924	0.87025
4928	0.87477
4932	0.87927
4936	0.88376
4940	0.88827
4944	0.89279
4948	0.89731
4952	0.90188
4956	0.90638
4960	0.91087
4964	0.91534
4968	0.91963
4972	0.92389
4976	0.92781
4980	0.93159
4984	0.93529
4988	0.93898
4992	0.9426
4996	0.94628
5000	0.94972
5004	0.953
5008	0.95655
5012	0.95991
5016	0.96314
5020	0.96622
5024	0.96907
5028	0.97154
5032	0.97376
5036	0.97571
5040	0.97703
5044	0.97783
5048	0.97834
5052	0.97841
5056	0.97838
5060	0.97825
5064	0.97807
5068	0.97737
5072	0.97667
5076	0.97593
5080	0.97524
5084	0.97415
5088	0.97276
5092	0.97135
5096	0.96975
5100	0.968
5104	0.96622
5108	0.96451
5112	0.9625
5116	0.96044
5120	0.95847
5124	0.95621
5128	0.95385
5132	0.95153
5136	0.94909
5140	0.94632
5144	0.94333
5148	0.94031
5152	0.93724
5156	0.93403
5160	0.93075
5164	0.9274
5168	0.92399
5172	0.92067
5176	0.91722
5180	0.91364
5184	0.90999
5188	0.90621
5192	0.90247
5196	0.89862
5200	0.89472
5204	0.89072
5208	0.88672
5212	0.88248
5216	0.87822
5220	0.87394
5224	0.86938
5228	0.86458
5232	0.85968
5236	0.85476
5240	0.84991
5244	0.84529
5248	0.8409
5252	0.83619
5256	0.83166
5260	0.82685
5264	0.82185
5268	0.81691
5272	0.81215
5276	0.80729
5280	0.8024
5284	0.79748
5288	0.7923
5292	0.78732
5296	0.7823
5300	0.77706
5304	0.77188
5308	0.76662
5312	0.76114
5316	0.75566
5320	0.74989
5324	0.74403
5328	0.73857
5332	0.7332
5336	0.72753
5340	0.72191
5344	0.71641
5348	0.71092
5352	0.70527
5356	0.69991
5360	0.69433
5364	0.68854
5368	0.68261
5372	0.67686
5376	0.67109
5380	0.66513
5384	0.65909
5388	0.65299
5392	0.6471
5396	0.64121
5400	0.63544
5404	0.6295
5408	0.62366
5412	0.61787
5416	0.61184
5420	0.60582
5424	0.59991
5428	0.59407
5432	0.58842
5436	0.58273
5440	0.57694
5444	0.57099
5448	0.56496
5452	0.55865
5456	0.55288
5460	0.54695
5464	0.54109
5468	0.53519
5472	0.52908
5476	0.52289
5480	0.51705
5484	0.51134
5488	0.50558
5492	0.50022
5496	0.49476
5500	0.48931
5504	0.48419
5508	0.47916
5512	0.47378
5516	0.46863
5520	0.4635
5524	0.45854
5528	0.45346
5532	0.44819
5536	0.44274
5540	0.43755
5544	0.43246
5548	0.42764
5552	0.42294
5556	0.41822
5560	0.41308
5564	0.40817
5568	0.40341
5572	0.3988
5576	0.39391
5580	0.38906
5584	0.38427
5588	0.37972
5592	0.37532
5596	0.37071
5600	0.36592
5604	0.36104
5608	0.35599
5612	0.35089
5616	0.34585
5620	0.34116
5624	0.33667
5628	0.33206
5632	0.3276
5636	0.32294
5640	0.31842
5644	0.3139
5648	0.30952
5652	0.30527
5656	0.30132
5660	0.29714
5664	0.29305
5668	0.28907
5672	0.28526
5676	0.28148
5680	0.27783
5684	0.27378
5688	0.2695
5692	0.26531
5696	0.26109
5700	0.25681
5704	0.25281
5708	0.24866
5712	0.24462
5716	0.24094
5720	0.23729
5724	0.23368
5728	0.23012
5732	0.2266
5736	0.22294
5740	0.21928
5744	0.21571
5748	0.21209
5752	0.20839
5756	0.20465
5760	0.20101
5764	0.19756
5768	0.19402
5772	0.19049
5776	0.18694
5780	0.1835
5784	0.17999
5788	0.17663
5792	0.17303
5796	0.16944
5800	0.1659
5804	0.1626
5808	0.15934
5812	0.15625
5816	0.15328
5820	0.15016
5824	0.14688
5828	0.1435
5832	0.14015
5836	0.13683
5840	0.13366
5844	0.13054
5848	0.12767
5852	0.12481
5856	0.12198
5860	0.11913
5864	0.11638
5868	0.11373
5872	0.11114
5876	0.10862
5880	0.1062
5884	0.10384
5888	0.10155
5892	0.09934
5896	0.09721
5900	0.09519
5904	0.09333
5908	0.09138
5912	0.08951
5916	0.08766
5920	0.08576
5924	0.08388
5928	0.08212
5932	0.08037
5936	0.07859
5940	0.07698
5944	0.07545
5948	0.07383
5952	0.07217
5956	0.07052
5960	0.06891
5964	0.06734
5968	0.06574
5972	0.0642
5976	0.06277
5980	0.06139
5984	0.06002
5988	0.05877
5992	0.05753
5996	0.05636
6000	0.05517
6004	0.05403
6008	0.05291
6012	0.05182
6016	0.05074
6020	0.04971
6024	0.04876
6028	0.04787
6032	0.04704
6036	0.04629
6040	0.04555
6044	0.04481
6048	0.04405
6052	0.04319
6056	0.04238
6060	0.04153
6064	0.04068
6068	0.03987
6072	0.03904
6076	0.03817
6080	0.03729
6084	0.03639
6088	0.03552
6092	0.03472
6096	0.03398
6100	0.03323
6104	0.03243
6108	0.03163
6112	0.03087
6116	0.0301
6120	0.02933
6124	0.02858
6128	0.02784
6132	0.02708
6136	0.02637
6140	0.02575
6144	0.02517
6148	0.02463
6152	0.02409
6156	0.02357
6160	0.02304
6164	0.02253
6168	0.02203
6172	0.02155
6176	0.02109
6180	0.02065
6184	0.02021
6188	0.01978
6192	0.01932
6196	0.01889
6200	0.0185
6204	0.01812
6208	0.01775
6212	0.01738
6216	0.01703
6220	0.01673
6224	0.0164
6228	0.0161
6232	0.0158
6236	0.0155
6240	0.01519
6244	0.01489
6248	0.0146
6252	0.01432
6256	0.01406
6260	0.01379
6264	0.01353
6268	0.01329
6272	0.01306
6276	0.01285
6280	0.01263
6284	0.01242
6288	0.01224
6292	0.01204
6296	0.01185
6300	0.01164
6304	0.01147
6308	0.01129
6312	0.01112
6316	0.01095
6320	0.01078
6324	0.0106
6328	0.01041
6332	0.01024
6336	0.01008
6340	0.00993
6344	0.0098
6348	0.00965
6352	0.00951
6356	0.0094
6360	0.00927
6364	0.00916
6368	0.00904
6372	0.00894
6376	0.00884
6380	0.00871
6384	0.00858
6388	0.00847
6392	0.00837
6396	0.00829
6400	0.00817
6404	0.00812
6408	0.00804
6412	0.00798
6416	0.00794
6420	0.00789
6424	0.00784
6428	0.00779
6432	0.00773
6436	0.00767
6440	0.00761
6444	0.00756
6448	0.00752
6452	0.00748
6456	0.00741
6460	0.00733
6464	0.00727
6468	0.00721
6472	0.00716
6476	0.00711
6480	0.00706
6484	0.00703
6488	0.007
6492	0.00694
6496	0.0069
6500	0.00685