0.0041	0.00265	0.00324	4.70958E-4	0.00201	0.0015	2.53036E-4	6.93001E-4	0.00134	0.00158	2.74725E-4	0.00336
0.00432	0.00282	0.00339	5.24781E-4	0.00216	0.00165	3.52444E-4	7.72201E-4	0.0014	0.00174	2.55102E-4	0.00336
0.00454	0.00304	0.00356	5.98639E-4	0.0023	0.00177	4.38596E-4	7.80781E-4	0.00145	0.00197	2.97619E-4	0.0035
0.00478	0.00338	0.00377	6.63265E-4	0.00248	0.00191	4.11184E-4	7.88288E-4	0.00153	0.00228	3.34821E-4	0.00342
0.00503	0.00372	0.00401	7.68307E-4	0.00266	0.00206	4.45046E-4	7.94913E-4	0.0016	0.00264	3.67647E-4	0.00302
0.00532	0.00405	0.00425	8.61678E-4	0.00284	0.00218	5.29971E-4	7.50751E-4	0.00169	0.00296	3.96825E-4	0.00285
0.00562	0.00448	0.00453	9.4522E-4	0.00306	0.00233	6.05956E-4	7.11238E-4	0.00175	0.00321	4.22932E-4	0.00288
0.00595	0.00486	0.0048	0.00104	0.00328	0.00247	6.74342E-4	6.75676E-4	0.00181	0.00349	4.46429E-4	0.0029
0.00629	0.0052	0.0051	0.00113	0.00351	0.00258	7.5188E-4	6.43501E-4	0.00188	0.00382	5.52721E-4	0.00302
0.00665	0.00558	0.00544	0.00122	0.00378	0.00275	8.07416E-4	5.73301E-4	0.00195	0.00414	5.68182E-4	0.00293
0.00705	0.006	0.00582	0.00135	0.00406	0.00293	8.72426E-4	5.09205E-4	0.00204	0.00446	5.82298E-4	0.00276
0.00742	0.00654	0.00616	0.00148	0.00434	0.00313	9.5943E-4	4.87988E-4	0.00212	0.00475	6.3244E-4	0.00269
0.00783	0.00709	0.00662	0.0016	0.00467	0.00333	0.00103	4.68468E-4	0.0022	0.00505	6.78571E-4	0.00254
0.00828	0.00757	0.00714	0.00181	0.005	0.00354	0.00116	4.32432E-4	0.00228	0.00556	7.5E-4	0.0024
0.00875	0.00807	0.00765	0.00202	0.00532	0.00376	0.00129	3.96396E-4	0.00236	0.00608	8.21429E-4	0.00236
0.00924	0.00866	0.00819	0.00227	0.0057	0.00394	0.00145	3.96396E-4	0.00248	0.00662	8.92857E-4	0.00245
0.0098	0.00922	0.00879	0.00255	0.00609	0.00418	0.00162	4.32432E-4	0.00258	0.00713	9.64286E-4	0.0024
0.01037	0.00979	0.00936	0.00282	0.00651	0.00442	0.00175	4.68468E-4	0.00271	0.00769	1E-3	0.00214
0.01097	0.01043	0.01	0.00315	0.007	0.00468	0.00191	5.40541E-4	0.00284	0.00828	0.00107	0.00184
0.01162	0.01109	0.01068	0.00351	0.00753	0.00492	0.00207	6.48649E-4	0.00297	0.00885	0.00118	0.00175
0.0123	0.01173	0.01137	0.0039	0.00808	0.00523	0.00228	7.92793E-4	0.00311	0.00936	0.00125	0.00166
0.01299	0.01244	0.01215	0.00433	0.00867	0.00553	0.00246	9.00901E-4	0.00326	0.00985	0.00132	0.00179
0.01371	0.01319	0.01299	0.00478	0.00929	0.00585	0.00272	0.00101	0.00342	0.01036	0.00146	0.00166
0.01444	0.01395	0.01384	0.00527	0.00994	0.00623	0.00296	0.00115	0.00358	0.01087	0.00157	0.0017
0.01522	0.01488	0.01476	0.00583	0.0107	0.00665	0.00324	0.00137	0.00374	0.01141	0.00171	0.00136
0.01611	0.01582	0.01572	0.00642	0.01148	0.00709	0.00359	0.00155	0.00392	0.012	0.00182	0.00118
0.01736	0.01712	0.01699	0.00702	0.01255	0.00768	0.00393	0.00169	0.00418	0.01262	0.00196	0.00105
0.01866	0.01857	0.01845	0.00769	0.01373	0.00832	0.00432	0.00184	0.00445	0.01321	0.00207	8.30601E-4
0.02009	0.02011	0.01994	0.00842	0.01496	0.00895	0.00484	0.00202	0.00473	0.01379	0.00221	8.74317E-4
0.02158	0.02162	0.02147	0.00919	0.01624	0.00963	0.00533	0.00223	0.00509	0.01436	0.00236	9.18033E-4
0.02313	0.02326	0.02328	0.01009	0.01768	0.01036	0.00584	0.00249	0.00546	0.015	0.00254	8.74317E-4
0.02484	0.02496	0.02521	0.01105	0.0192	0.01115	0.00643	0.00277	0.00583	0.01569	0.00271	6.99454E-4
0.02664	0.02669	0.02718	0.01205	0.02079	0.01209	0.00701	0.0031	0.00622	0.01638	0.00293	6.55738E-4
0.02854	0.02863	0.02934	0.01319	0.02253	0.01309	0.00768	0.00346	0.00659	0.01715	0.00311	4.37158E-4
0.03056	0.03056	0.03157	0.01443	0.02432	0.01411	0.00847	0.00386	0.00699	0.0179	0.00332	5.68306E-4
0.03263	0.0326	0.03394	0.01574	0.02621	0.01535	0.00933	0.00432	0.00744	0.01877	0.00361	0.00118
0.03475	0.03475	0.03646	0.01722	0.02827	0.01662	0.01026	0.00479	0.00787	0.01964	0.00382	0.00149
0.03702	0.03705	0.03907	0.01879	0.03043	0.01799	0.0113	0.00523	0.00836	0.02036	0.00407	0.00227
0.03931	0.03945	0.04175	0.02044	0.03277	0.01947	0.01242	0.00562	0.00888	0.02108	0.00436	0.00232
0.04166	0.04215	0.04464	0.02225	0.03526	0.02101	0.01371	0.00609	0.00943	0.02187	0.00468	0.00249
0.04414	0.04493	0.04764	0.02411	0.03782	0.02258	0.01509	0.00652	0.00998	0.02272	0.00504	0.00271
0.04672	0.04777	0.05075	0.02606	0.04059	0.02416	0.0165	0.00692	0.01055	0.02362	0.00536	0.00332
0.04942	0.05091	0.05407	0.02823	0.04346	0.02584	0.01817	0.00732	0.01112	0.02454	0.00571	0.00367
0.05234	0.05417	0.0575	0.0305	0.04647	0.02753	0.01997	0.00775	0.01172	0.02564	0.00611	0.00455
0.05537	0.05756	0.06113	0.03287	0.04966	0.02931	0.02187	0.00814	0.01235	0.02679	0.00643	0.00485
0.05847	0.06117	0.06498	0.03551	0.05298	0.03113	0.02397	0.00854	0.01302	0.0281	0.00686	0.00581
0.06174	0.06495	0.06897	0.03822	0.05638	0.03318	0.02613	0.00897	0.01375	0.02954	0.00732	0.00634
0.06509	0.06889	0.07318	0.04103	0.06007	0.03532	0.02838	0.00944	0.01463	0.03108	0.00779	0.00721
0.06864	0.07307	0.07749	0.04413	0.06391	0.03752	0.03084	0.01002	0.01553	0.03259	0.00829	0.00787
0.0723	0.07739	0.08198	0.04731	0.06787	0.03971	0.03337	0.01052	0.01643	0.03413	0.00882	0.00918
0.07605	0.08195	0.08674	0.05061	0.07207	0.04195	0.03588	0.01106	0.01745	0.03582	0.00936	0.01058
0.08003	0.08664	0.09171	0.05422	0.0764	0.04427	0.03867	0.01168	0.01854	0.03759	0.00989	0.0118
0.08434	0.09152	0.09684	0.05798	0.08082	0.0466	0.04151	0.0124	0.01972	0.03949	0.01057	0.01342
0.08884	0.09658	0.1022	0.06181	0.08546	0.049	0.04442	0.01323	0.02101	0.04141	0.01129	0.01464
0.09377	0.10169	0.10751	0.06599	0.09023	0.05144	0.04764	0.01405	0.02226	0.04346	0.01196	0.01652
0.09895	0.1069	0.11316	0.0702	0.09511	0.05397	0.05097	0.01503	0.02349	0.04551	0.01268	0.01792
0.10426	0.11213	0.11905	0.07453	0.10022	0.05659	0.05441	0.016	0.02473	0.04769	0.01346	0.02011
0.10974	0.11729	0.12506	0.07927	0.10545	0.05925	0.05816	0.01701	0.02607	0.04995	0.01429	0.02164
0.11516	0.12249	0.13116	0.08405	0.11083	0.06208	0.06196	0.01809	0.02747	0.05218	0.01511	0.02356
0.12058	0.12809	0.13757	0.0889	0.11639	0.06498	0.06589	0.0191	0.02893	0.05454	0.016	0.02531
0.12612	0.13371	0.14403	0.09416	0.12205	0.06791	0.07013	0.02004	0.03045	0.05677	0.01686	0.02706
0.13165	0.13931	0.15075	0.09944	0.12783	0.07094	0.07447	0.02097	0.03196	0.05936	0.01782	0.0289
0.13727	0.14488	0.15784	0.10496	0.13384	0.07398	0.07888	0.02202	0.03364	0.0621	0.01871	0.03086
0.143	0.15049	0.16501	0.11089	0.1399	0.07714	0.0835	0.02314	0.03541	0.06474	0.01964	0.03314
0.14884	0.15618	0.17243	0.11685	0.14614	0.08052	0.08817	0.02425	0.03735	0.06762	0.02061	0.03567
0.15477	0.16197	0.18016	0.12296	0.15275	0.08398	0.09286	0.02544	0.03939	0.07087	0.02164	0.03816
0.16088	0.16784	0.18788	0.12937	0.15948	0.0875	0.09787	0.02663	0.04151	0.07449	0.02275	0.04074
0.16715	0.17373	0.1958	0.13584	0.16638	0.09123	0.10289	0.02786	0.04392	0.07818	0.02382	0.04398
0.1735	0.17971	0.20404	0.14232	0.17364	0.09506	0.10789	0.02915	0.04652	0.08195	0.02486	0.04704
0.18018	0.18575	0.21226	0.14919	0.18099	0.09899	0.11332	0.03049	0.04906	0.08562	0.02593	0.05093
0.18704	0.19185	0.22053	0.15613	0.18852	0.10316	0.11849	0.03186	0.05184	0.08938	0.02721	0.05438
0.19391	0.19833	0.2291	0.16325	0.19644	0.10735	0.12396	0.03344	0.05457	0.09313	0.0285	0.05867
0.20101	0.20503	0.23763	0.17084	0.20449	0.11156	0.12976	0.03521	0.05733	0.09744	0.02982	0.06247
0.20834	0.21174	0.24616	0.17832	0.21266	0.11601	0.13554	0.03694	0.06005	0.102	0.03129	0.06723
0.21588	0.21844	0.25497	0.1863	0.22096	0.12046	0.14142	0.0391	0.06276	0.10651	0.03279	0.07117
0.22373	0.22516	0.26379	0.19438	0.22923	0.12497	0.14767	0.04148	0.06547	0.11103	0.03436	0.07528
0.23155	0.2319	0.27254	0.20237	0.23754	0.12956	0.15383	0.04389	0.06832	0.11559	0.03596	0.07961
0.23947	0.2391	0.28123	0.21061	0.2461	0.13416	0.16021	0.04623	0.07116	0.12023	0.03746	0.08393
0.24739	0.24626	0.29032	0.21891	0.25474	0.13885	0.16692	0.0484	0.07397	0.1251	0.03904	0.08905
0.25545	0.25354	0.29939	0.227	0.26336	0.14373	0.17358	0.05081	0.07692	0.13018	0.04089	0.09338
0.2635	0.26116	0.30889	0.23541	0.27211	0.14863	0.18032	0.05348	0.08	0.13513	0.04275	0.0988
0.27185	0.26871	0.31822	0.24393	0.28082	0.15362	0.18739	0.05647	0.08319	0.13995	0.04461	0.10291
0.28016	0.27636	0.3276	0.25226	0.28954	0.15874	0.19442	0.05957	0.08657	0.14467	0.04668	0.10758
0.28856	0.28449	0.33743	0.26098	0.29844	0.16388	0.2015	0.06249	0.08997	0.14936	0.04879	0.11217
0.29723	0.29255	0.34723	0.26971	0.30734	0.16906	0.20883	0.06555	0.09352	0.15431	0.05096	0.11716
0.30576	0.30068	0.35706	0.27832	0.31626	0.17447	0.21601	0.06872	0.09716	0.15967	0.05332	0.12184
0.31408	0.30906	0.36683	0.28733	0.32542	0.1797	0.22321	0.07193	0.10092	0.16487	0.05564	0.12695
0.32278	0.31729	0.37656	0.29634	0.3345	0.18488	0.23064	0.0751	0.10477	0.16977	0.05818	0.13137
0.33143	0.32559	0.38627	0.30508	0.34378	0.19013	0.238	0.0782	0.10878	0.17505	0.06089	0.13683
0.34008	0.33404	0.3962	0.31432	0.35301	0.19545	0.24541	0.08184	0.11271	0.18031	0.06371	0.14177
0.34881	0.34236	0.40609	0.32362	0.36225	0.20081	0.25322	0.08562	0.11671	0.1851	0.06646	0.14737
0.35748	0.35063	0.416	0.33273	0.37167	0.20628	0.26097	0.08969	0.12087	0.18959	0.06939	0.15261
0.36623	0.3592	0.4261	0.34225	0.38105	0.21185	0.26875	0.09402	0.12516	0.19451	0.07236	0.15773
0.37499	0.36752	0.43615	0.35193	0.39044	0.21747	0.27678	0.09845	0.12951	0.19923	0.07525	0.1631
0.38382	0.37584	0.44618	0.36142	0.39997	0.22329	0.28457	0.10317	0.13399	0.20397	0.07825	0.16839
0.39271	0.38433	0.45626	0.37104	0.40944	0.22922	0.29283	0.10847	0.13861	0.20831	0.08111	0.17421
0.40174	0.39265	0.46621	0.38065	0.41885	0.23526	0.30104	0.11369	0.14326	0.21282	0.08436	0.17989
0.4108	0.401	0.47611	0.38994	0.42841	0.24126	0.30905	0.1191	0.14791	0.21692	0.08764	0.18654
0.41992	0.40991	0.48598	0.39985	0.43785	0.24732	0.31767	0.12461	0.15254	0.22128	0.09086	0.19204
0.42927	0.4188	0.49568	0.40945	0.44726	0.25336	0.32629	0.12991	0.15715	0.22574	0.09411	0.19895
0.4386	0.42789	0.50535	0.41918	0.45676	0.25944	0.33468	0.13517	0.16177	0.23077	0.09743	0.20503
0.44783	0.43701	0.51493	0.42916	0.46611	0.26559	0.34343	0.14043	0.16633	0.23613	0.10082	0.21102
0.45712	0.44604	0.52427	0.43878	0.47537	0.27177	0.35187	0.1458	0.17104	0.24136	0.10411	0.21679
0.46619	0.45488	0.53368	0.44849	0.48473	0.27799	0.36021	0.15157	0.17573	0.24651	0.10725	0.22264
0.47519	0.46426	0.54312	0.45853	0.49399	0.28422	0.36888	0.15741	0.18039	0.25149	0.11032	0.22925
0.48396	0.47369	0.55262	0.46834	0.50315	0.29054	0.37759	0.16306	0.18524	0.25685	0.11371	0.23528
0.49263	0.48301	0.56187	0.47807	0.51236	0.29758	0.38605	0.16868	0.18995	0.26241	0.11721	0.24254
0.50121	0.49261	0.57087	0.488	0.52141	0.3047	0.39471	0.17441	0.19468	0.26815	0.12075	0.24944
0.50961	0.50216	0.57986	0.4977	0.53036	0.31184	0.40342	0.1805	0.1994	0.27405	0.12421	0.25705
0.51831	0.512	0.58879	0.5074	0.53929	0.3189	0.41179	0.18667	0.20419	0.27979	0.12786	0.26378
0.52708	0.52145	0.59748	0.51731	0.54812	0.32602	0.4202	0.19286	0.20904	0.28528	0.13143	0.27091
0.53583	0.5308	0.60613	0.52681	0.55685	0.33322	0.42866	0.19932	0.21403	0.29079	0.13482	0.27742
0.54456	0.54014	0.61459	0.53629	0.56555	0.34037	0.43692	0.20591	0.21905	0.29646	0.13836	0.28442
0.55341	0.54939	0.62275	0.54593	0.57407	0.34757	0.44541	0.21279	0.22416	0.30203	0.14164	0.29084
0.56224	0.5589	0.63075	0.55499	0.58259	0.3548	0.45391	0.21942	0.2292	0.30718	0.14475	0.2981
0.57101	0.56882	0.63852	0.56397	0.59098	0.36194	0.462	0.22605	0.23404	0.31254	0.14789	0.30457
0.57997	0.57861	0.64605	0.57301	0.59907	0.3692	0.47016	0.23268	0.23877	0.31805	0.15086	0.31204
0.58881	0.58796	0.6536	0.5815	0.60703	0.37654	0.47805	0.23924	0.24328	0.32321	0.15389	0.31908
0.59742	0.59747	0.66092	0.59002	0.61491	0.38381	0.48595	0.24573	0.24766	0.32862	0.15707	0.32608
0.60613	0.60707	0.668	0.59864	0.62246	0.39105	0.494	0.25214	0.25188	0.33428	0.16057	0.33303
0.61448	0.61675	0.6751	0.60699	0.6299	0.39824	0.50178	0.25795	0.25614	0.34041	0.16471	0.33972
0.62257	0.62633	0.68216	0.61513	0.63718	0.40526	0.5095	0.26393	0.26029	0.34646	0.16871	0.34658
0.63073	0.63594	0.68895	0.6234	0.64401	0.41228	0.51729	0.26977	0.26451	0.35233	0.17271	0.35296
0.63863	0.64525	0.69567	0.6311	0.65066	0.41931	0.52445	0.27575	0.26878	0.35779	0.17679	0.36
0.64623	0.65454	0.70233	0.63864	0.65719	0.42627	0.53162	0.28173	0.27325	0.36333	0.18057	0.36577
0.65359	0.66387	0.70866	0.64622	0.66353	0.43329	0.53895	0.28768	0.27782	0.36846	0.18432	0.37272
0.66055	0.67304	0.71494	0.65347	0.66979	0.44035	0.54584	0.29366	0.28262	0.37349	0.18811	0.37945
0.66752	0.68218	0.7213	0.66085	0.67603	0.44754	0.55274	0.29968	0.28727	0.37882	0.19225	0.38636
0.67447	0.69082	0.72766	0.66823	0.68198	0.45484	0.55975	0.30551	0.29192	0.38374	0.19668	0.39287
0.6814	0.6994	0.73357	0.67528	0.68776	0.46203	0.56632	0.31128	0.29676	0.38859	0.20111	0.39899
0.68811	0.7079	0.7395	0.68237	0.6936	0.46905	0.57274	0.31676	0.30185	0.39318	0.20532	0.40546
0.69482	0.71613	0.74491	0.68955	0.69932	0.476	0.57928	0.32245	0.30687	0.39774	0.20957	0.41154
0.70119	0.7243	0.75028	0.69642	0.70496	0.48295	0.58537	0.32807	0.31196	0.40233	0.21361	0.41836
0.70746	0.73256	0.7556	0.70297	0.71059	0.48992	0.59157	0.33434	0.31693	0.40687	0.21811	0.42417
0.71357	0.74037	0.76049	0.70965	0.71601	0.49696	0.59762	0.34083	0.32201	0.41138	0.22254	0.43104
0.71932	0.74812	0.76522	0.71584	0.72136	0.50402	0.60391	0.34714	0.32684	0.41592	0.22718	0.43703
0.72513	0.7559	0.76991	0.72191	0.72667	0.5111	0.61005	0.35387	0.33168	0.42054	0.23232	0.44433
0.7311	0.76337	0.77451	0.72793	0.73171	0.51831	0.61629	0.36065	0.33634	0.42556	0.23761	0.45084
0.73666	0.77084	0.779	0.73367	0.73662	0.5257	0.62224	0.3675	0.34135	0.43038	0.24311	0.45736
0.74217	0.77843	0.78351	0.73951	0.7413	0.53309	0.62804	0.37441	0.34615	0.43546	0.24889	0.46361
0.74769	0.78586	0.7877	0.74526	0.7459	0.54033	0.63407	0.3813	0.351	0.44056	0.25475	0.47021
0.75312	0.79326	0.7918	0.75089	0.75036	0.54762	0.63992	0.38814	0.35576	0.44564	0.26064	0.4758
0.75849	0.80073	0.79589	0.75657	0.75461	0.55488	0.64578	0.39521	0.36047	0.45082	0.26646	0.48201
0.76376	0.80792	0.79965	0.76201	0.75877	0.56217	0.65159	0.4022	0.36526	0.45597	0.27236	0.48769
0.76889	0.81508	0.8033	0.76712	0.76278	0.56948	0.65703	0.40926	0.37044	0.46105	0.27864	0.49329
0.77372	0.82221	0.80698	0.77216	0.76667	0.57676	0.66246	0.41665	0.37546	0.46597	0.2845	0.49867
0.77846	0.8291	0.81037	0.77722	0.77048	0.584	0.66789	0.42371	0.38043	0.47085	0.29029	0.50387
0.7831	0.83603	0.8138	0.78198	0.7743	0.59119	0.67317	0.43034	0.38581	0.47585	0.29611	0.50933
0.78768	0.84284	0.81723	0.78666	0.77796	0.5983	0.67846	0.43697	0.39132	0.4811	0.30171	0.51454
0.79231	0.84901	0.82056	0.79118	0.7815	0.60543	0.68354	0.44368	0.39686	0.48646	0.3075	0.52026
0.79653	0.85495	0.824	0.79541	0.78498	0.61288	0.68867	0.45045	0.40244	0.49172	0.31357	0.52529
0.80065	0.86054	0.82731	0.79966	0.78827	0.62017	0.69379	0.45759	0.40799	0.49674	0.31964	0.53106
0.80482	0.86577	0.83047	0.80372	0.79146	0.62734	0.69918	0.46497	0.4134	0.50159	0.32632	0.53617
0.80874	0.87095	0.83372	0.80759	0.79467	0.63458	0.70418	0.47243	0.41871	0.50679	0.3325	0.54203
0.81254	0.87621	0.83676	0.81138	0.79774	0.64166	0.70916	0.47971	0.42401	0.512	0.33843	0.54732
0.81629	0.88078	0.83964	0.81497	0.80072	0.64893	0.7142	0.48771	0.4295	0.51738	0.34375	0.55226
0.81981	0.88514	0.84253	0.8184	0.80363	0.65618	0.71892	0.4951	0.43494	0.52277	0.34875	0.55707
0.82322	0.88955	0.84533	0.82184	0.80646	0.66259	0.72364	0.50249	0.44063	0.52815	0.35382	0.56179
0.82652	0.89371	0.84825	0.82529	0.80922	0.66889	0.72838	0.50926	0.44623	0.53367	0.35914	0.56717
0.82982	0.89795	0.85099	0.82851	0.81208	0.67512	0.73312	0.51575	0.45216	0.53959	0.36436	0.57198
0.83285	0.90186	0.85369	0.83176	0.81485	0.68135	0.73774	0.5227	0.458	0.54551	0.36918	0.57705
0.83578	0.90577	0.85627	0.83496	0.81757	0.68758	0.74237	0.52915	0.46393	0.55131	0.37418	0.58142
0.83866	0.90982	0.85892	0.83794	0.82027	0.69378	0.74689	0.53557	0.46985	0.55705	0.37939	0.58645
0.84163	0.91388	0.86142	0.84091	0.82287	0.69996	0.75161	0.54162	0.47584	0.563	0.38489	0.59148
0.84442	0.91795	0.86397	0.84372	0.82541	0.70614	0.75624	0.5475	0.48155	0.569	0.39071	0.59659
0.84727	0.92174	0.8666	0.84647	0.82793	0.71225	0.76064	0.55319	0.48734	0.5751	0.39629	0.60136
0.85003	0.92511	0.86921	0.84916	0.83038	0.71828	0.76486	0.55885	0.49311	0.58113	0.40168	0.60643
0.85254	0.92848	0.87179	0.85172	0.8328	0.7241	0.76959	0.56454	0.49884	0.58685	0.40732	0.61071
0.85489	0.93211	0.87434	0.85425	0.83522	0.73001	0.77416	0.57013	0.50467	0.59244	0.41268	0.61587
0.85718	0.93564	0.87687	0.85677	0.83757	0.73577	0.77892	0.57665	0.51053	0.59821	0.41689	0.62059
0.85929	0.93894	0.8793	0.85917	0.83993	0.74156	0.78359	0.58335	0.51655	0.6041	0.42086	0.62588
0.86147	0.94196	0.88172	0.86144	0.84229	0.74746	0.78807	0.59034	0.52277	0.61003	0.42457	0.63012
0.86375	0.94516	0.88406	0.86377	0.84465	0.75348	0.79257	0.59784	0.52897	0.61587	0.42829	0.63423
0.86594	0.94781	0.88636	0.86596	0.84705	0.75956	0.79703	0.60526	0.53506	0.62133	0.43218	0.63851
0.86813	0.95048	0.88865	0.86821	0.84955	0.76568	0.80149	0.61261	0.54126	0.62733	0.43646	0.64284
0.87045	0.95314	0.89099	0.87053	0.85205	0.77168	0.80583	0.62	0.54741	0.63321	0.44071	0.64717
0.87277	0.9557	0.89333	0.87273	0.85462	0.77758	0.81005	0.62703	0.55371	0.639	0.44518	0.65176
0.8751	0.958	0.8956	0.87496	0.85764	0.78348	0.81409	0.63384	0.56031	0.64462	0.44893	0.65666
0.87709	0.96028	0.8979	0.87713	0.86028	0.78926	0.81822	0.64054	0.56692	0.65008	0.45307	0.66094
0.87897	0.96255	0.90021	0.8792	0.86288	0.79494	0.82232	0.64732	0.57378	0.65559	0.45764	0.6661
0.88081	0.96478	0.90247	0.88119	0.86547	0.80074	0.82622	0.65362	0.58051	0.66097	0.46254	0.67117
0.8826	0.96684	0.90471	0.88312	0.86798	0.80658	0.83005	0.66025	0.58687	0.66631	0.46775	0.67703
0.88434	0.96883	0.90698	0.88491	0.87046	0.81241	0.83418	0.66695	0.59314	0.67151	0.47304	0.68254
0.88616	0.97074	0.90928	0.88673	0.87289	0.81816	0.83803	0.67355	0.59924	0.67659	0.47786	0.68804
0.88798	0.97248	0.91154	0.88857	0.87532	0.82375	0.84201	0.68032	0.6053	0.68123	0.48282	0.69316
0.88978	0.97416	0.91372	0.8903	0.8777	0.82922	0.84559	0.68695	0.61127	0.68587	0.48825	0.69862
0.89158	0.97573	0.91589	0.89203	0.88006	0.83462	0.84917	0.69362	0.6174	0.69056	0.49311	0.70404
0.89345	0.97717	0.91803	0.89383	0.88238	0.8398	0.85272	0.70043	0.62347	0.69526	0.49864	0.70964
0.89528	0.97851	0.92016	0.89553	0.88466	0.8449	0.85603	0.70757	0.62958	0.69992	0.50493	0.71515
0.8971	0.97987	0.92235	0.89726	0.88698	0.84988	0.85926	0.7147	0.63531	0.70464	0.51086	0.72066
0.89889	0.98092	0.92449	0.89897	0.88922	0.85473	0.86259	0.72209	0.64108	0.70918	0.51704	0.72625
0.90064	0.9818	0.92654	0.90067	0.89143	0.85962	0.86592	0.72941	0.64694	0.71382	0.5235	0.7322
0.90236	0.98251	0.92859	0.90237	0.89372	0.86439	0.86884	0.7365	0.65322	0.71869	0.52982	0.73797
0.90426	0.98307	0.93053	0.90403	0.89596	0.86906	0.87175	0.74375	0.65952	0.72359	0.53639	0.74321
0.90616	0.98348	0.9325	0.90568	0.89817	0.87365	0.87441	0.74995	0.66567	0.72833	0.5435	0.74881
0.9081	0.98385	0.93434	0.90738	0.90041	0.8781	0.87711	0.75575	0.67126	0.73303	0.55071	0.7541
0.91012	0.98402	0.93609	0.90921	0.9025	0.88245	0.87975	0.76144	0.67691	0.73769	0.55807	0.76009
0.91205	0.98409	0.93783	0.91089	0.90457	0.88665	0.88253	0.76688	0.68254	0.74236	0.56546	0.76625
0.91385	0.984	0.93944	0.91267	0.90662	0.89078	0.88514	0.77211	0.68783	0.74726	0.57286	0.77167
0.91562	0.98382	0.94096	0.91453	0.90861	0.89491	0.88789	0.77726	0.69303	0.75151	0.58004	0.77661
0.91718	0.98355	0.94255	0.91618	0.91057	0.89887	0.89038	0.78231	0.69801	0.75638	0.58718	0.78181
0.91875	0.98326	0.94421	0.91781	0.91249	0.90242	0.89287	0.78757	0.70302	0.76131	0.59396	0.78658
0.9204	0.9829	0.94586	0.91946	0.91442	0.90606	0.89539	0.79272	0.70808	0.76623	0.60057	0.7913
0.92194	0.98255	0.94749	0.92108	0.91636	0.90968	0.8978	0.79777	0.71338	0.77131	0.60743	0.79611
0.92346	0.98219	0.94902	0.92266	0.91826	0.91314	0.90024	0.80231	0.71884	0.77646	0.61404	0.80013
0.92498	0.98165	0.95061	0.92424	0.92014	0.91679	0.90272	0.80681	0.72462	0.78133	0.62107	0.80525
0.92647	0.98106	0.95218	0.92581	0.92197	0.92026	0.90522	0.81132	0.73031	0.78623	0.62804	0.80901
0.92795	0.98038	0.95372	0.92746	0.92381	0.92358	0.90763	0.81589	0.73606	0.79118	0.63461	0.81316
0.92947	0.97967	0.95526	0.92908	0.92561	0.92696	0.91003	0.81996	0.74207	0.79574	0.64189	0.81674
0.9311	0.97883	0.95674	0.93056	0.92742	0.93028	0.91228	0.82396	0.74838	0.80103	0.64929	0.82111
0.93277	0.97805	0.95824	0.93205	0.92911	0.93348	0.91478	0.82868	0.75441	0.80603	0.65657	0.82518
0.93451	0.97729	0.95975	0.93345	0.93072	0.93668	0.91713	0.83305	0.76067	0.81087	0.66414	0.82946
0.93622	0.97653	0.96136	0.93476	0.93235	0.9398	0.91943	0.83697	0.76683	0.81567	0.67061	0.83309
0.93792	0.97562	0.96292	0.93626	0.93404	0.9428	0.92179	0.84105	0.77295	0.82044	0.67607	0.83738
0.93948	0.97461	0.96453	0.93767	0.93578	0.94575	0.92418	0.84519	0.77901	0.82513	0.68154	0.84074
0.94105	0.97361	0.96596	0.93897	0.9376	0.9486	0.92646	0.84937	0.78528	0.82982	0.68718	0.84433
0.94244	0.97258	0.96728	0.94029	0.93936	0.95144	0.92874	0.85341	0.79147	0.83446	0.69282	0.84752
0.94384	0.97141	0.96843	0.9416	0.94111	0.95427	0.93101	0.8573	0.79776	0.839	0.69875	0.85141
0.94519	0.97006	0.96954	0.94291	0.94285	0.95702	0.93316	0.86115	0.80391	0.84346	0.70486	0.85504
0.9466	0.96871	0.97061	0.9441	0.94453	0.95955	0.93542	0.86505	0.8103	0.84782	0.71111	0.85889
0.94808	0.96721	0.9716	0.94522	0.9462	0.96206	0.93764	0.86901	0.81658	0.85205	0.71746	0.86203
0.94951	0.96569	0.97258	0.94625	0.9478	0.96439	0.93993	0.87297	0.8225	0.85618	0.724	0.86544
0.95091	0.96423	0.9735	0.94735	0.9493	0.96651	0.94199	0.87708	0.82838	0.86021	0.73068	0.86868
0.95225	0.96263	0.97438	0.94833	0.9507	0.9684	0.94405	0.88133	0.83401	0.8641	0.73757	0.87252
0.95345	0.9611	0.97533	0.94916	0.95205	0.97011	0.94599	0.88559	0.83984	0.8679	0.74468	0.87637
0.95465	0.95946	0.97627	0.95016	0.95328	0.97175	0.948	0.8898	0.84535	0.87138	0.75186	0.88044
0.95572	0.95779	0.97714	0.95115	0.95448	0.97331	0.95001	0.89377	0.85082	0.87479	0.75939	0.88398
0.95679	0.95614	0.978	0.95202	0.95566	0.9748	0.95195	0.89784	0.85614	0.87844	0.76718	0.88748
0.95789	0.95467	0.97888	0.95295	0.95642	0.97619	0.95389	0.90205	0.86091	0.88169	0.77489	0.89075
0.95926	0.95317	0.97971	0.95391	0.95751	0.97743	0.9557	0.90667	0.86568	0.88479	0.78271	0.89469
0.9606	0.95156	0.98057	0.95489	0.95878	0.97865	0.95742	0.91117	0.87025	0.88831	0.79043	0.89805
0.96188	0.94988	0.98135	0.95587	0.96012	0.97972	0.95913	0.91546	0.87477	0.89164	0.79825	0.90181
0.96315	0.94822	0.98221	0.95678	0.9615	0.98078	0.96088	0.91964	0.87927	0.89503	0.80646	0.90514
0.9644	0.94652	0.98289	0.95778	0.96281	0.9818	0.96263	0.92447	0.88376	0.89877	0.81396	0.90907
0.96564	0.94483	0.98331	0.95879	0.9641	0.98273	0.96453	0.92919	0.88827	0.90177	0.82139	0.91248
0.9669	0.94308	0.98374	0.95974	0.96521	0.98357	0.96611	0.93254	0.89279	0.90497	0.82879	0.91615
0.96828	0.94134	0.98418	0.96075	0.9663	0.9843	0.9678	0.93596	0.89731	0.90826	0.83621	0.91939
0.96975	0.93961	0.9845	0.96207	0.96739	0.98496	0.96943	0.94	0.90188	0.91154	0.84361	0.92293
0.97103	0.93775	0.98476	0.96336	0.96843	0.98555	0.97097	0.94357	0.90638	0.91459	0.85096	0.92643
0.97231	0.93597	0.98492	0.96467	0.96951	0.98604	0.97247	0.94717	0.91087	0.91762	0.85825	0.93036
0.97343	0.93418	0.98497	0.9664	0.97059	0.9865	0.97395	0.95095	0.91534	0.92062	0.86539	0.93456
0.97465	0.93232	0.98481	0.96816	0.97169	0.98692	0.97547	0.95427	0.91963	0.92356	0.87254	0.93819
0.97595	0.93049	0.98473	0.96989	0.97284	0.98722	0.97693	0.95748	0.92389	0.92644	0.87939	0.9416
0.97715	0.9287	0.98473	0.97166	0.97393	0.98744	0.97842	0.96068	0.92781	0.92946	0.886	0.94531
0.97796	0.92677	0.98475	0.9734	0.97498	0.98767	0.97979	0.96386	0.93159	0.93267	0.89264	0.94881
0.97852	0.92488	0.98474	0.975	0.97601	0.98781	0.98109	0.96692	0.93529	0.93595	0.8995	0.95244
0.97877	0.92303	0.98471	0.97652	0.97701	0.98792	0.98233	0.96962	0.93898	0.93933	0.90643	0.95611
0.97881	0.92131	0.98468	0.97793	0.97786	0.98813	0.98347	0.972	0.9426	0.94277	0.91304	0.95913
0.97872	0.91957	0.98464	0.9793	0.97854	0.98832	0.98466	0.97427	0.94628	0.94618	0.91943	0.96205
0.97852	0.9179	0.98449	0.98052	0.97907	0.98839	0.98597	0.97629	0.94972	0.94962	0.92543	0.96455
0.97814	0.91627	0.98434	0.98152	0.97964	0.98834	0.98721	0.97809	0.953	0.95269	0.93114	0.96669
0.97776	0.91467	0.98394	0.98233	0.98016	0.98831	0.98849	0.97953	0.95655	0.95587	0.93654	0.96883
0.97718	0.91298	0.98334	0.98309	0.9806	0.98819	0.98962	0.98076	0.95991	0.95879	0.94171	0.97106
0.97652	0.9113	0.98267	0.98366	0.98098	0.98809	0.99067	0.98177	0.96314	0.96192	0.94657	0.97307
0.97591	0.9097	0.9819	0.9841	0.9813	0.98796	0.99176	0.98227	0.96622	0.965	0.95125	0.97473
0.97533	0.90812	0.98111	0.98449	0.98154	0.98778	0.99283	0.98259	0.96907	0.96785	0.95564	0.97587
0.97474	0.90662	0.9802	0.98478	0.98168	0.9875	0.99388	0.98263	0.97154	0.97067	0.95982	0.97587
0.97408	0.905	0.97911	0.98485	0.98178	0.98708	0.99468	0.98252	0.97376	0.97333	0.96375	0.97583
0.97337	0.90348	0.97799	0.98485	0.98172	0.9866	0.9953	0.98198	0.97571	0.97585	0.96739	0.97464
0.97271	0.90195	0.97681	0.9848	0.98154	0.98605	0.99578	0.98159	0.97703	0.97815	0.97068	0.97386
0.97202	0.90055	0.97536	0.98475	0.98123	0.98547	0.99629	0.98105	0.97783	0.98033	0.97346	0.97189
0.97118	0.89904	0.97394	0.98456	0.98093	0.98487	0.99666	0.98025	0.97834	0.98231	0.97586	0.96975
0.9702	0.89748	0.97247	0.98407	0.98064	0.98429	0.99696	0.97885	0.97841	0.984	0.97793	0.96695
0.96925	0.89591	0.97087	0.98358	0.98032	0.98366	0.99713	0.97748	0.97838	0.98579	0.97971	0.96341
0.96799	0.8944	0.96929	0.98318	0.97994	0.98293	0.9973	0.97553	0.97825	0.98736	0.98125	0.95974
0.96658	0.89293	0.9676	0.9823	0.97944	0.98219	0.99733	0.9729	0.97807	0.98869	0.98254	0.95532
0.96504	0.89164	0.96603	0.98103	0.97887	0.98147	0.9973	0.97074	0.97737	0.98982	0.98357	0.95082
0.9634	0.89021	0.96445	0.97971	0.97825	0.98066	0.99718	0.9685	0.97667	0.99082	0.98425	0.94636
0.96171	0.88885	0.96298	0.97817	0.97753	0.97981	0.997	0.96605	0.97593	0.99146	0.98475	0.94173
0.95993	0.88766	0.96124	0.97647	0.97673	0.97902	0.99682	0.96332	0.97524	0.99177	0.98479	0.93692
0.95817	0.88661	0.9595	0.97489	0.97584	0.97821	0.99653	0.96022	0.97415	0.99182	0.98421	0.93268
0.9564	0.88545	0.95782	0.97331	0.97483	0.97735	0.99626	0.95701	0.97276	0.99162	0.98304	0.92756
0.95465	0.88436	0.95593	0.97159	0.97377	0.97653	0.99595	0.95348	0.97135	0.99108	0.98175	0.92271
0.95277	0.88326	0.95404	0.96975	0.97271	0.9757	0.99551	0.94966	0.96975	0.98944	0.97989	0.91698
0.9508	0.88212	0.95218	0.96784	0.97147	0.97489	0.99501	0.94486	0.968	0.98726	0.97796	0.91187
0.94889	0.8811	0.95005	0.96575	0.97018	0.97409	0.99438	0.93989	0.96622	0.98474	0.97557	0.90592
0.94701	0.88013	0.94793	0.96389	0.96885	0.9733	0.99367	0.93514	0.96451	0.98156	0.97304	0.90068
0.94497	0.87917	0.94571	0.96201	0.96734	0.97251	0.99305	0.93016	0.9625	0.97828	0.97	0.89469
0.94297	0.87818	0.94348	0.96023	0.96576	0.97175	0.99232	0.92479	0.96044	0.97485	0.96671	0.88883
0.94089	0.87722	0.94122	0.95837	0.96415	0.97076	0.99158	0.91957	0.95847	0.97103	0.96314	0.88297
0.93881	0.87625	0.93883	0.95652	0.96244	0.96979	0.99082	0.91427	0.95621	0.96703	0.9595	0.8772
0.93664	0.87553	0.93638	0.95438	0.96046	0.9689	0.99001	0.90897	0.95385	0.96272	0.95546	0.87279
0.93454	0.87473	0.93383	0.95246	0.95837	0.96805	0.98922	0.90306	0.95153	0.95831	0.95139	0.86846
0.93243	0.87395	0.93112	0.95043	0.95618	0.96709	0.98841	0.89679	0.94909	0.95379	0.94711	0.86391
0.93032	0.87329	0.92859	0.94834	0.95404	0.96606	0.98759	0.88995	0.94632	0.94877	0.94282	0.8584
0.92802	0.87282	0.92624	0.94638	0.95191	0.96495	0.98668	0.88306	0.94333	0.94364	0.93861	0.85403
0.92566	0.8722	0.9238	0.94444	0.94986	0.96385	0.98582	0.87578	0.94031	0.93844	0.93429	0.84918
0.92312	0.87158	0.92136	0.94237	0.94783	0.96276	0.98483	0.86825	0.93724	0.93315	0.92989	0.84494
0.92045	0.87104	0.91898	0.94003	0.94575	0.96167	0.98387	0.86018	0.93403	0.92733	0.9255	0.84026
0.91785	0.87071	0.91669	0.93747	0.9436	0.96061	0.98293	0.85236	0.93075	0.92162	0.92107	0.83589
0.91524	0.87039	0.91449	0.93504	0.94134	0.95939	0.98199	0.84425	0.9274	0.91546	0.91639	0.83213
0.91271	0.87009	0.91215	0.93272	0.93905	0.95815	0.98101	0.83614	0.92399	0.9089	0.91171	0.82798
0.91008	0.86987	0.90993	0.93045	0.93662	0.95694	0.98008	0.82775	0.92067	0.90205	0.90729	0.82383
0.90734	0.86965	0.90771	0.92821	0.93408	0.95573	0.97903	0.81924	0.91722	0.89513	0.90289	0.81854
0.90468	0.86949	0.90519	0.92619	0.93147	0.95439	0.97782	0.81056	0.91364	0.88821	0.8985	0.81268
0.90219	0.86936	0.90262	0.92405	0.9287	0.953	0.97668	0.80169	0.90999	0.88131	0.89404	0.80643
0.89986	0.86914	0.90004	0.92194	0.92588	0.95157	0.97538	0.79301	0.90621	0.87436	0.88939	0.80013
0.89779	0.86904	0.89753	0.91997	0.92301	0.94992	0.97413	0.78454	0.90247	0.86744	0.8845	0.79397
0.89581	0.86894	0.89498	0.91804	0.92024	0.94795	0.97299	0.77607	0.89862	0.86138	0.87943	0.78863
0.89389	0.86889	0.8924	0.91615	0.91758	0.94599	0.97178	0.7685	0.89472	0.85559	0.874	0.78273
0.89197	0.86885	0.88994	0.9145	0.91492	0.94375	0.9705	0.76094	0.89072	0.8499	0.86893	0.77749
0.88999	0.86874	0.8874	0.91275	0.91216	0.94144	0.96921	0.75308	0.88672	0.84446	0.8635	0.77137
0.888	0.86865	0.88489	0.91076	0.90941	0.93903	0.96772	0.74519	0.88248	0.8389	0.85846	0.76595
0.88616	0.86868	0.8824	0.90877	0.9066	0.93666	0.96632	0.73751	0.87822	0.83323	0.85325	0.75996
0.88432	0.86882	0.87997	0.90678	0.90384	0.93419	0.96487	0.72995	0.87394	0.82774	0.84811	0.75405
0.88242	0.8689	0.8776	0.90475	0.9011	0.9316	0.96338	0.72252	0.86938	0.82223	0.84293	0.74758
0.88047	0.86898	0.8752	0.90291	0.89827	0.92891	0.96195	0.71521	0.86458	0.81687	0.83725	0.74063
0.87845	0.86906	0.87278	0.90085	0.89549	0.92616	0.9605	0.70829	0.85968	0.81133	0.83161	0.73346
0.87648	0.86933	0.8704	0.89879	0.89274	0.9234	0.95901	0.70166	0.85476	0.80569	0.82596	0.72634
0.87446	0.86961	0.86797	0.8968	0.89001	0.92061	0.95751	0.69524	0.84991	0.80033	0.8195	0.71996
0.87231	0.86985	0.8656	0.89469	0.88734	0.9179	0.95608	0.68905	0.84529	0.79487	0.81286	0.71305
0.87012	0.87003	0.86339	0.89256	0.88472	0.91512	0.95458	0.68321	0.8409	0.78928	0.80611	0.70671
0.86801	0.87026	0.86119	0.89055	0.88207	0.91242	0.95322	0.67762	0.83619	0.78372	0.79896	0.70077
0.86593	0.87052	0.85903	0.88857	0.87937	0.90957	0.95172	0.67272	0.83166	0.77851	0.79175	0.69456
0.86385	0.87076	0.85686	0.88663	0.87669	0.90665	0.9502	0.66778	0.82685	0.77321	0.78525	0.68866
0.86204	0.87108	0.85462	0.88456	0.87401	0.90373	0.94851	0.66339	0.82185	0.76828	0.779	0.68162
0.86036	0.87143	0.85245	0.88242	0.87132	0.9007	0.9468	0.65802	0.81691	0.76385	0.77261	0.67576
0.85876	0.87162	0.85021	0.88023	0.86857	0.89751	0.94509	0.65297	0.81215	0.75962	0.76521	0.6689
0.85724	0.87191	0.84798	0.87807	0.86579	0.8943	0.94314	0.64811	0.80729	0.75538	0.75793	0.66304
0.85571	0.87211	0.84568	0.87589	0.863	0.89092	0.9413	0.6431	0.8024	0.7511	0.75068	0.65705
0.85425	0.87229	0.84363	0.87378	0.86027	0.88746	0.93938	0.63845	0.79748	0.74677	0.74282	0.65102
0.85266	0.87234	0.84158	0.87171	0.85759	0.88394	0.93754	0.63391	0.7923	0.74244	0.73486	0.64581
0.85097	0.87249	0.83953	0.86962	0.855	0.88017	0.93568	0.62933	0.78732	0.73805	0.72707	0.63965
0.84932	0.87267	0.83773	0.86759	0.85242	0.87611	0.9337	0.62479	0.7823	0.73308	0.71943	0.63362
0.84775	0.87275	0.83587	0.86571	0.84988	0.872	0.93167	0.62043	0.77706	0.72815	0.71171	0.62732
0.84622	0.87282	0.83393	0.86374	0.84749	0.86745	0.92958	0.61611	0.77188	0.72321	0.70386	0.6212
0.8447	0.8728	0.83222	0.86176	0.84514	0.86295	0.92741	0.61182	0.76662	0.718	0.69632	0.61464
0.84314	0.87288	0.83046	0.86015	0.84276	0.85832	0.92543	0.6076	0.76114	0.71233	0.68871	0.60809
0.8416	0.87296	0.82881	0.85833	0.84053	0.85349	0.92336	0.60328	0.75566	0.70603	0.68136	0.60131
0.83995	0.87309	0.82714	0.85667	0.83825	0.84864	0.92116	0.59877	0.74989	0.69938	0.67414	0.59458
0.83832	0.8732	0.82546	0.85515	0.83598	0.84398	0.91903	0.59409	0.74403	0.69254	0.66704	0.5878
0.83654	0.87332	0.82381	0.85383	0.83379	0.83924	0.9168	0.58926	0.73857	0.68569	0.66075	0.58129
0.83473	0.87331	0.82217	0.8527	0.83164	0.83414	0.91458	0.5844	0.7332	0.67859	0.65439	0.57521
0.83294	0.87337	0.82063	0.85166	0.82947	0.82902	0.91224	0.57942	0.72753	0.67141	0.64818	0.56901
0.83114	0.87344	0.81913	0.85066	0.82737	0.82384	0.90991	0.57438	0.72191	0.66418	0.64271	0.56302
0.8293	0.87338	0.8176	0.8497	0.82523	0.81853	0.90726	0.56941	0.71641	0.65705	0.63743	0.55668
0.8276	0.87313	0.81598	0.84882	0.82306	0.81324	0.90457	0.5645	0.71092	0.6501	0.63196	0.55056
0.82591	0.87303	0.81437	0.84784	0.82094	0.80797	0.90164	0.55863	0.70527	0.643	0.62682	0.54334
0.82425	0.87284	0.81275	0.84687	0.81881	0.80271	0.89884	0.55243	0.69991	0.63572	0.62146	0.53674
0.82264	0.87263	0.81118	0.84596	0.81666	0.79738	0.89599	0.54627	0.69433	0.62826	0.6155	0.52922
0.82103	0.87232	0.80951	0.84506	0.81457	0.79206	0.89316	0.5396	0.68854	0.62092	0.60957	0.52245
0.81938	0.87199	0.80783	0.84428	0.81247	0.78688	0.89034	0.53395	0.68261	0.61313	0.60325	0.51489
0.81749	0.87169	0.8063	0.84353	0.81041	0.78152	0.88753	0.52829	0.67686	0.60538	0.59754	0.50824
0.81573	0.87137	0.8048	0.84281	0.80846	0.77602	0.88479	0.52256	0.67109	0.59756	0.59179	0.5012
0.81402	0.87104	0.80332	0.84212	0.80654	0.7705	0.88205	0.51683	0.66513	0.58962	0.58604	0.49473
0.8123	0.87056	0.80194	0.84137	0.80467	0.7651	0.87938	0.51081	0.65909	0.58159	0.58089	0.48804
0.81055	0.87015	0.80067	0.84047	0.80292	0.75967	0.87647	0.50465	0.65299	0.57362	0.57596	0.48105
0.8088	0.86983	0.79936	0.83956	0.80126	0.75426	0.87358	0.49838	0.6471	0.56559	0.5705	0.47506
0.80703	0.86933	0.79812	0.83861	0.79967	0.74901	0.87063	0.49168	0.64121	0.55826	0.56514	0.4682
0.80526	0.86882	0.79692	0.83758	0.79811	0.74374	0.86749	0.48443	0.63544	0.55097	0.56014	0.46234
0.80352	0.86826	0.79572	0.8366	0.79655	0.73842	0.86451	0.47719	0.6295	0.54351	0.55518	0.45631
0.80189	0.86769	0.79451	0.83554	0.79505	0.73336	0.86166	0.47031	0.62366	0.53646	0.55043	0.45049
0.80037	0.86713	0.79335	0.83438	0.79357	0.72818	0.8588	0.4635	0.61787	0.52962	0.54579	0.44411
0.79883	0.86653	0.79218	0.83332	0.79206	0.72305	0.85575	0.45708	0.61184	0.52321	0.54082	0.43856
0.79732	0.86592	0.79097	0.83218	0.79062	0.71788	0.85289	0.45099	0.60582	0.51703	0.53568	0.43244
0.79578	0.86485	0.78973	0.83069	0.78919	0.71272	0.84984	0.44515	0.59991	0.51097	0.53036	0.42684
0.79431	0.86373	0.78848	0.82904	0.7877	0.70769	0.84667	0.43899	0.59407	0.50546	0.52432	0.42077
0.79284	0.86251	0.7872	0.82731	0.78629	0.70275	0.84328	0.43315	0.58842	0.50003	0.51804	0.41451
0.79138	0.8613	0.786	0.82549	0.78491	0.69783	0.84004	0.4275	0.58273	0.49474	0.51114	0.40931
0.78985	0.86005	0.78476	0.82358	0.78354	0.69288	0.83676	0.42202	0.57694	0.49003	0.50407	0.40323
0.78848	0.85878	0.7834	0.82165	0.78228	0.68788	0.83387	0.41654	0.57099	0.48503	0.49671	0.39816
0.78704	0.85758	0.78206	0.81989	0.78101	0.68265	0.83084	0.41121	0.56496	0.47982	0.48993	0.39217
0.78553	0.85638	0.78074	0.81825	0.77972	0.67724	0.82786	0.40685	0.55865	0.47449	0.48357	0.38728
0.78395	0.85489	0.77931	0.81669	0.77843	0.67162	0.8248	0.40238	0.55288	0.46918	0.47743	0.38168
0.7824	0.85338	0.77789	0.8151	0.77719	0.66579	0.82157	0.3978	0.54695	0.4639	0.47071	0.3767
0.78078	0.85185	0.77637	0.8136	0.7759	0.65995	0.81854	0.39348	0.54109	0.45838	0.46386	0.37123
0.77911	0.85013	0.77475	0.8121	0.77462	0.65412	0.81539	0.38897	0.53519	0.45313	0.45764	0.36634
0.77736	0.84838	0.77305	0.81047	0.77336	0.64808	0.81225	0.38443	0.52908	0.44803	0.45164	0.36105
0.77562	0.84651	0.7714	0.80885	0.77208	0.64209	0.80916	0.37986	0.52289	0.44321	0.44546	0.35628
0.77385	0.84464	0.76968	0.80713	0.77089	0.63606	0.80596	0.3751	0.51705	0.43826	0.439	0.35117
0.77201	0.84258	0.76793	0.80542	0.7698	0.63034	0.80238	0.37103	0.51134	0.43331	0.43246	0.34645
0.77008	0.84045	0.76612	0.80385	0.76864	0.62479	0.79896	0.36685	0.50558	0.42767	0.42593	0.34129
0.76817	0.83818	0.76421	0.80233	0.76748	0.61907	0.79526	0.36245	0.50022	0.42218	0.41996	0.33604
0.76621	0.83598	0.76227	0.80075	0.76636	0.61367	0.79134	0.35852	0.49476	0.41679	0.41379	0.3311
0.76422	0.83362	0.76026	0.79905	0.76524	0.60854	0.78753	0.35499	0.48931	0.41126	0.40768	0.32608
0.76205	0.83114	0.75817	0.79726	0.76411	0.60332	0.78368	0.35157	0.48419	0.40567	0.40154	0.32131
0.75982	0.82834	0.75616	0.79543	0.76298	0.59846	0.77966	0.34796	0.47916	0.39974	0.39514	0.31655
0.75752	0.82559	0.75398	0.79352	0.76179	0.59347	0.77538	0.34429	0.47378	0.39408	0.38871	0.3127
0.75514	0.82216	0.7518	0.79154	0.76059	0.58846	0.77117	0.34047	0.46863	0.38856	0.38268	0.30793
0.75294	0.81882	0.74955	0.78939	0.75941	0.58325	0.76668	0.33658	0.4635	0.38308	0.37625	0.30343
0.75086	0.81489	0.74706	0.78733	0.75821	0.57792	0.76242	0.33229	0.45854	0.37764	0.36986	0.29893
0.74878	0.81118	0.74452	0.78522	0.75691	0.57254	0.75808	0.32858	0.45346	0.37169	0.36414	0.29499
0.7466	0.80711	0.74198	0.78318	0.75559	0.56699	0.75396	0.32454	0.44819	0.36608	0.35864	0.29054
0.7444	0.80287	0.73933	0.78113	0.75424	0.56166	0.7497	0.32029	0.44274	0.36036	0.35393	0.28599
0.7422	0.79863	0.73666	0.77892	0.75284	0.55621	0.74492	0.31604	0.43755	0.35438	0.34968	0.28157
0.73996	0.79422	0.73396	0.77654	0.75137	0.55076	0.73996	0.31186	0.43246	0.34859	0.34543	0.27716
0.73765	0.78968	0.73111	0.77396	0.74982	0.54557	0.73508	0.3076	0.42764	0.3429	0.34071	0.27292
0.73522	0.78511	0.72833	0.77115	0.74824	0.54046	0.73038	0.30339	0.42294	0.33754	0.33571	0.26842
0.73268	0.78034	0.72545	0.76836	0.74662	0.53521	0.72517	0.29928	0.41822	0.33233	0.33046	0.26431
0.73008	0.77544	0.72235	0.76545	0.7449	0.52982	0.71989	0.29495	0.41308	0.32738	0.32557	0.2602
0.72712	0.77031	0.71924	0.76214	0.74314	0.52437	0.71414	0.29077	0.40817	0.32249	0.32064	0.25617
0.72416	0.76505	0.71601	0.7586	0.7414	0.5189	0.70838	0.28663	0.40341	0.31767	0.31554	0.25215
0.72107	0.75973	0.71257	0.75491	0.7397	0.51337	0.70238	0.28249	0.3988	0.31277	0.31057	0.24883
0.7182	0.7543	0.70916	0.75076	0.73803	0.50786	0.69616	0.27841	0.39391	0.30772	0.30568	0.24485
0.71509	0.74888	0.70561	0.74653	0.73634	0.50218	0.68995	0.27477	0.38906	0.303	0.30086	0.24092
0.71186	0.74352	0.70181	0.74217	0.73466	0.49654	0.68412	0.27034	0.38427	0.29844	0.29625	0.23685
0.70847	0.73826	0.69803	0.73757	0.73291	0.49091	0.67804	0.26616	0.37972	0.29477	0.292	0.23301
0.70504	0.73303	0.69401	0.73278	0.73113	0.48529	0.67203	0.26245	0.37532	0.29097	0.28771	0.22916
0.70141	0.72763	0.68988	0.72802	0.72917	0.4798	0.66618	0.25885	0.37071	0.28687	0.28368	0.22584
0.6976	0.72211	0.68556	0.72302	0.72713	0.47443	0.65987	0.2551	0.36592	0.28277	0.27954	0.22199
0.69378	0.71645	0.68123	0.71812	0.72499	0.46919	0.65313	0.25132	0.36104	0.27905	0.27557	0.21814
0.69	0.71067	0.67681	0.71318	0.72258	0.4639	0.64659	0.24721	0.35599	0.27559	0.27193	0.2143
0.68601	0.70487	0.67223	0.70808	0.71998	0.45868	0.6403	0.24321	0.35089	0.27223	0.26839	0.21045
0.68196	0.69893	0.66765	0.70281	0.7173	0.45359	0.63376	0.23921	0.34585	0.26887	0.26479	0.20673
0.6779	0.69273	0.66293	0.69767	0.71454	0.4486	0.62729	0.2351	0.34116	0.26562	0.26161	0.20345
0.67356	0.68631	0.65818	0.69239	0.71169	0.44344	0.62045	0.23139	0.33667	0.26241	0.25864	0.19987
0.66911	0.68018	0.65342	0.68718	0.70866	0.43824	0.6137	0.22739	0.33206	0.25928	0.25571	0.19633
0.66449	0.67384	0.64856	0.6817	0.7054	0.43302	0.60672	0.22332	0.3276	0.25605	0.25279	0.19362
0.65968	0.66746	0.64368	0.67607	0.7022	0.42772	0.59963	0.2195	0.32294	0.2529	0.24957	0.19021
0.65486	0.66102	0.63865	0.67053	0.69879	0.4225	0.59308	0.21571	0.31842	0.24982	0.24589	0.18767
0.65006	0.65444	0.63353	0.66501	0.69531	0.41745	0.5865	0.21186	0.3139	0.24682	0.24239	0.18426
0.64505	0.64771	0.62848	0.65928	0.69176	0.41256	0.57958	0.20807	0.30952	0.2439	0.239	0.18103
0.64007	0.64098	0.62336	0.65358	0.68823	0.40764	0.57243	0.20418	0.30527	0.24108	0.23571	0.1777
0.63512	0.63402	0.61805	0.64769	0.68463	0.40218	0.56563	0.20011	0.30132	0.23823	0.23282	0.17451
0.63012	0.62727	0.61273	0.64171	0.68096	0.39728	0.55878	0.19636	0.29714	0.23533	0.22993	0.17128
0.62501	0.62059	0.60736	0.63574	0.67722	0.39246	0.55239	0.19272	0.29305	0.23285	0.22725	0.16852
0.61989	0.61372	0.60198	0.62962	0.67342	0.38758	0.54571	0.18926	0.28907	0.23051	0.22464	0.16533
0.61463	0.6068	0.59661	0.62353	0.66944	0.38256	0.53882	0.18577	0.28526	0.22782	0.22189	0.16197
0.60937	0.59983	0.59129	0.61768	0.66533	0.37778	0.53213	0.18216	0.28148	0.22518	0.21921	0.15873
0.604	0.59286	0.58582	0.61161	0.66117	0.37303	0.52558	0.17867	0.27783	0.22236	0.21664	0.15615
0.59834	0.5858	0.5802	0.60553	0.65688	0.36817	0.51879	0.17564	0.27378	0.21938	0.21375	0.15301
0.59272	0.57903	0.57467	0.59944	0.6524	0.36307	0.51209	0.1724	0.2695	0.21613	0.21054	0.1503
0.58705	0.57215	0.56892	0.59316	0.64792	0.35783	0.50539	0.16901	0.26531	0.21308	0.20739	0.14728
0.58114	0.56538	0.56321	0.58678	0.64339	0.35271	0.49845	0.16559	0.26109	0.21018	0.20432	0.14409
0.57527	0.55852	0.55734	0.58077	0.63875	0.3475	0.49195	0.1622	0.25681	0.20736	0.20129	0.14168
0.56938	0.55151	0.55142	0.57451	0.63411	0.34234	0.48559	0.15888	0.25281	0.20441	0.19804	0.13858
0.56351	0.54464	0.54556	0.56811	0.62947	0.33738	0.47903	0.156	0.24866	0.20146	0.19443	0.13635
0.55763	0.5379	0.53959	0.56173	0.62465	0.33249	0.4723	0.15308	0.24462	0.19851	0.19046	0.1332
0.55185	0.53094	0.53354	0.55551	0.61987	0.32761	0.46578	0.15016	0.24094	0.1959	0.1865	0.13115
0.54588	0.52417	0.52753	0.54934	0.61509	0.32272	0.45937	0.14735	0.23729	0.19328	0.18261	0.12835
0.53978	0.51757	0.52143	0.54327	0.61008	0.31819	0.45333	0.14447	0.23368	0.19077	0.17864	0.12643
0.53346	0.51139	0.51551	0.53688	0.605	0.31381	0.44701	0.14191	0.23012	0.18815	0.17464	0.12367
0.52705	0.50489	0.50961	0.53055	0.59998	0.30958	0.44072	0.13946	0.2266	0.18559	0.17064	0.12074
0.52081	0.49879	0.50368	0.52436	0.59481	0.30555	0.43457	0.13683	0.22294	0.18315	0.16675	0.11803
0.51453	0.49261	0.49771	0.5178	0.58965	0.30152	0.42817	0.13413	0.21928	0.18051	0.16286	0.11515
0.50816	0.48655	0.49169	0.51113	0.58446	0.29753	0.42179	0.13153	0.21571	0.17808	0.159	0.11244
0.50184	0.4805	0.48559	0.50454	0.5791	0.29364	0.4158	0.12883	0.21209	0.17559	0.15532	0.11051
0.49551	0.4745	0.47953	0.49765	0.57369	0.28955	0.41004	0.12627	0.20839	0.17308	0.15164	0.10798
0.48927	0.46843	0.47342	0.49078	0.56816	0.28529	0.40405	0.12396	0.20465	0.17059	0.14789	0.10566
0.4831	0.46239	0.46731	0.48392	0.56249	0.28119	0.39839	0.12141	0.20101	0.1681	0.14429	0.10321
0.4768	0.45653	0.46136	0.47708	0.55679	0.27719	0.39247	0.11877	0.19756	0.16526	0.14061	0.10077
0.47079	0.45054	0.45536	0.47055	0.55103	0.27333	0.38696	0.11611	0.19402	0.16223	0.13696	0.09897
0.46469	0.44449	0.4494	0.46407	0.54504	0.26946	0.38176	0.11294	0.19049	0.15946	0.13346	0.09666
0.45856	0.43839	0.44355	0.45755	0.539	0.26573	0.37641	0.11059	0.18694	0.15659	0.12993	0.09513
0.45247	0.43238	0.4377	0.4514	0.5328	0.26206	0.37091	0.10814	0.1835	0.15387	0.12636	0.09272
0.44638	0.42631	0.43181	0.44544	0.52652	0.25872	0.36564	0.10548	0.17999	0.15133	0.12304	0.09067
0.44025	0.42012	0.4261	0.43949	0.52021	0.25535	0.36022	0.10292	0.17663	0.1491	0.11989	0.08857
0.43425	0.4138	0.42029	0.43381	0.51395	0.25206	0.35488	0.10047	0.17303	0.14687	0.11682	0.08699
0.42826	0.40727	0.41458	0.42815	0.50764	0.24866	0.34987	0.09791	0.16944	0.14469	0.11393	0.08507
0.42237	0.40088	0.40895	0.42219	0.50135	0.24511	0.34468	0.09564	0.1659	0.14251	0.11114	0.08306
0.41668	0.39463	0.40345	0.41639	0.49501	0.24138	0.33964	0.09341	0.1626	0.14036	0.10843	0.08109
0.41094	0.38836	0.3978	0.41079	0.4885	0.2376	0.33467	0.09117	0.15934	0.13833	0.10586	0.07913
0.40504	0.38224	0.3922	0.40531	0.48219	0.23386	0.32957	0.08901	0.15625	0.13626	0.10361	0.07725
0.39935	0.37605	0.38671	0.39989	0.47601	0.23015	0.32468	0.08692	0.15328	0.13405	0.10125	0.07541
0.3937	0.3699	0.38109	0.39437	0.46979	0.2265	0.31976	0.0849	0.15016	0.13187	0.09889	0.07362
0.38803	0.36405	0.37561	0.3888	0.46364	0.22271	0.31467	0.08295	0.14688	0.12972	0.09646	0.07143
0.38261	0.35835	0.37014	0.38346	0.45756	0.21914	0.30988	0.08097	0.1435	0.12772	0.09411	0.06973
0.37729	0.35251	0.3645	0.37819	0.45146	0.21569	0.30516	0.07899	0.14015	0.12585	0.09182	0.06807
0.37204	0.34696	0.35899	0.3727	0.44564	0.2121	0.30036	0.07719	0.13683	0.12397	0.08943	0.0664
0.36689	0.34144	0.35357	0.36754	0.43974	0.20848	0.29558	0.07542	0.13366	0.12213	0.08732	0.06492
0.36178	0.33581	0.34826	0.36245	0.43391	0.20474	0.29088	0.07373	0.13054	0.12013	0.08525	0.0633
0.35663	0.33048	0.3431	0.35713	0.42811	0.20078	0.28609	0.07214	0.12767	0.1181	0.08321	0.06151
0.35151	0.32519	0.33789	0.35218	0.42228	0.19676	0.28118	0.07056	0.12481	0.11597	0.08111	0.06011
0.34638	0.31983	0.33257	0.34723	0.41645	0.19287	0.27658	0.0689	0.12198	0.1139	0.07914	0.05893
0.34116	0.31463	0.32739	0.34217	0.4107	0.18991	0.27183	0.06746	0.11913	0.11179	0.07721	0.05827
0.33603	0.30936	0.32228	0.33739	0.40482	0.18666	0.26722	0.06605	0.11638	0.10979	0.07536	0.05705
0.33091	0.30385	0.31713	0.33259	0.39898	0.18355	0.26258	0.06436	0.11373	0.10792	0.0735	0.05517
0.32574	0.29845	0.31206	0.32769	0.39307	0.18062	0.25779	0.06317	0.11114	0.10605	0.07161	0.05368
0.32072	0.29316	0.30704	0.32289	0.38713	0.17791	0.25314	0.0613	0.10862	0.10433	0.06982	0.05167
0.3157	0.28766	0.30188	0.31799	0.38133	0.17528	0.24861	0.0596	0.1062	0.10267	0.06825	0.05045
0.31074	0.28227	0.29683	0.31283	0.37557	0.17263	0.24384	0.05798	0.10384	0.101	0.06671	0.04922
0.30601	0.2769	0.29192	0.3078	0.36981	0.17007	0.23943	0.0564	0.10155	0.09931	0.06529	0.04809
0.30135	0.27151	0.28691	0.30263	0.36418	0.16751	0.23504	0.05492	0.09934	0.09759	0.06382	0.04717
0.29677	0.26626	0.28217	0.29753	0.35856	0.16485	0.23057	0.05362	0.09721	0.09577	0.06236	0.04621
0.29243	0.26097	0.27741	0.29256	0.35284	0.16224	0.2263	0.05225	0.09519	0.0941	0.06089	0.04468
0.28814	0.25565	0.27273	0.28753	0.34716	0.15957	0.22214	0.05081	0.09333	0.09249	0.05954	0.04363
0.28376	0.25054	0.26805	0.28251	0.34141	0.15689	0.21793	0.04941	0.09138	0.09079	0.05818	0.0421
0.27953	0.24541	0.26345	0.27758	0.33558	0.15419	0.21389	0.048	0.08951	0.08918	0.05675	0.04127
0.27534	0.24034	0.25896	0.27251	0.32991	0.15144	0.20983	0.04656	0.08766	0.08754	0.0555	0.04031
0.27106	0.2354	0.25459	0.26749	0.32428	0.14878	0.20563	0.04508	0.08576	0.08597	0.05429	0.03965
0.26703	0.23077	0.2502	0.2626	0.31864	0.14619	0.20157	0.0435	0.08388	0.08438	0.05314	0.03847
0.26299	0.22592	0.24588	0.25753	0.31315	0.14365	0.19759	0.04195	0.08212	0.08282	0.052	0.03764
0.25891	0.22127	0.24159	0.25242	0.3077	0.14107	0.19362	0.04032	0.08037	0.08118	0.05075	0.03637
0.25485	0.21669	0.23738	0.24758	0.30222	0.13839	0.18984	0.03877	0.07859	0.07954	0.04971	0.03567
0.25078	0.21212	0.23314	0.24274	0.29687	0.13567	0.18622	0.03726	0.07698	0.07803	0.04864	0.03493
0.24681	0.20775	0.22902	0.23798	0.29157	0.133	0.18251	0.03586	0.07545	0.07654	0.04775	0.0344
0.2429	0.20332	0.22497	0.23349	0.28632	0.13038	0.17888	0.03452	0.07383	0.07515	0.04693	0.0334
0.23893	0.19895	0.22098	0.2289	0.28125	0.12773	0.17524	0.03323	0.07217	0.07387	0.04614	0.0327
0.23502	0.1947	0.21708	0.22438	0.27631	0.1252	0.17166	0.03207	0.07052	0.07267	0.04514	0.03161
0.23111	0.19055	0.21321	0.22	0.27143	0.1228	0.16814	0.03095	0.06891	0.07151	0.04414	0.03025
0.22718	0.18649	0.20941	0.21554	0.2667	0.12042	0.16475	0.02977	0.06734	0.07033	0.04311	0.02964
0.22334	0.18242	0.2056	0.21107	0.26202	0.11804	0.16128	0.02883	0.06574	0.06915	0.04204	0.02907
0.21953	0.17865	0.2018	0.20681	0.25743	0.11565	0.15799	0.02793	0.0642	0.06803	0.04096	0.02885
0.21579	0.17508	0.19811	0.20247	0.25306	0.11327	0.15478	0.0271	0.06277	0.0669	0.03989	0.02824
0.21215	0.17159	0.19445	0.19819	0.24868	0.11087	0.15154	0.02623	0.06139	0.06579	0.03875	0.02811
0.20853	0.168	0.19072	0.19419	0.24437	0.10856	0.14851	0.02544	0.06002	0.06469	0.03764	0.02754
0.20503	0.16446	0.18717	0.19012	0.24014	0.10615	0.14545	0.02468	0.05877	0.06341	0.03646	0.02671
0.20162	0.16093	0.18365	0.18632	0.23589	0.1038	0.14239	0.02389	0.05753	0.06223	0.03536	0.02553
0.19821	0.15745	0.18016	0.18258	0.23161	0.10111	0.13951	0.02306	0.05636	0.06118	0.03436	0.02501
0.19492	0.15413	0.17671	0.17887	0.22744	0.0988	0.13659	0.02227	0.05517	0.06015	0.03336	0.02452
0.19172	0.15087	0.17336	0.17522	0.22337	0.09656	0.13372	0.02137	0.05403	0.05921	0.03236	0.02431
0.18856	0.14755	0.16992	0.17169	0.21935	0.09438	0.13096	0.02054	0.05291	0.05836	0.03143	0.02374
0.18544	0.14439	0.16662	0.16816	0.21558	0.09225	0.12821	0.01975	0.05182	0.05762	0.0305	0.02365
0.18246	0.14132	0.16328	0.16478	0.21187	0.09012	0.1255	0.01903	0.05074	0.05697	0.02961	0.0226
0.17942	0.13835	0.15997	0.16139	0.20812	0.08794	0.12296	0.01834	0.04971	0.05636	0.02882	0.02208
0.17634	0.13543	0.15677	0.15789	0.20442	0.08573	0.12036	0.01777	0.04876	0.05577	0.02811	0.02168
0.17328	0.13248	0.15361	0.15463	0.20075	0.08359	0.11774	0.01715	0.04787	0.05518	0.02736	0.02142
0.1702	0.12959	0.15048	0.15158	0.19704	0.08149	0.11521	0.01672	0.04704	0.05464	0.02675	0.0209
0.16704	0.12689	0.1475	0.14842	0.19349	0.07935	0.11274	0.01625	0.04629	0.0541	0.02614	0.02055
0.1639	0.12428	0.14453	0.14539	0.18988	0.07741	0.11025	0.01575	0.04555	0.05354	0.02554	0.01941
0.16083	0.12171	0.14146	0.14238	0.18631	0.07562	0.10792	0.01521	0.04481	0.05297	0.02489	0.01937
0.15771	0.11926	0.13845	0.13938	0.18284	0.07388	0.10555	0.01467	0.04405	0.05244	0.02425	0.01897
0.15467	0.11666	0.13542	0.13646	0.17933	0.07226	0.10329	0.01409	0.04319	0.05182	0.02364	0.0188
0.15174	0.11405	0.13252	0.13353	0.17588	0.07067	0.10117	0.01351	0.04238	0.05128	0.02314	0.01854
0.14881	0.11146	0.12974	0.13081	0.17238	0.0691	0.09904	0.01294	0.04153	0.05082	0.02268	0.0184
0.14594	0.10888	0.12696	0.12824	0.16885	0.0674	0.09689	0.01243	0.04068	0.05044	0.02221	0.01749
0.1431	0.10629	0.12416	0.12584	0.16548	0.06569	0.09484	0.01193	0.03987	0.05008	0.02182	0.01744
0.14029	0.10384	0.12143	0.12349	0.16215	0.06395	0.09278	0.01146	0.03904	0.04972	0.02143	0.01648
0.13756	0.10149	0.11877	0.12134	0.15886	0.06217	0.09086	0.01095	0.03817	0.04931	0.02104	0.01639
0.13486	0.09916	0.11609	0.11923	0.15573	0.06036	0.08896	0.01045	0.03729	0.04882	0.02064	0.01543
0.13222	0.09705	0.11351	0.11695	0.15263	0.05856	0.08703	0.01002	0.03639	0.04831	0.02021	0.01543
0.12965	0.09497	0.11104	0.11478	0.1495	0.05687	0.0852	0.00959	0.03552	0.04785	0.01982	0.01517
0.12715	0.09285	0.1086	0.11242	0.14648	0.05526	0.08342	0.00915	0.03472	0.04736	0.01939	0.01526
0.12461	0.0908	0.1062	0.10994	0.14349	0.05373	0.08158	0.00876	0.03398	0.04692	0.01893	0.01456
0.12216	0.08885	0.10385	0.10759	0.14051	0.05212	0.07982	0.00832	0.03323	0.04644	0.01854	0.0143
0.11975	0.087	0.10153	0.10536	0.13768	0.05081	0.07808	0.00811	0.03243	0.04597	0.01814	0.01351
0.1173	0.08533	0.09926	0.10305	0.13487	0.04959	0.07632	0.00775	0.03163	0.04546	0.01775	0.01351
0.11495	0.08367	0.0971	0.1008	0.13206	0.04837	0.07461	0.00742	0.03087	0.04492	0.01736	0.01329
0.1126	0.08212	0.09492	0.09863	0.12935	0.04715	0.07292	0.00706	0.0301	0.04438	0.017	0.01325
0.1103	0.08068	0.09274	0.09651	0.12669	0.04601	0.07118	0.0067	0.02933	0.04382	0.01657	0.01268
0.10798	0.07932	0.09062	0.09455	0.12404	0.04486	0.06955	0.00634	0.02858	0.04328	0.01611	0.01246
0.10568	0.078	0.08847	0.09259	0.12147	0.0438	0.06797	0.00605	0.02784	0.04272	0.01568	0.01185
0.10342	0.07661	0.08639	0.09058	0.11892	0.0427	0.06632	0.00573	0.02708	0.04215	0.01521	0.01189
0.10134	0.07519	0.08439	0.08872	0.11643	0.04163	0.06474	0.00537	0.02637	0.04162	0.01479	0.01106
0.0993	0.07377	0.08234	0.08678	0.11397	0.04056	0.0632	0.00508	0.02575	0.0411	0.01439	0.01123
0.09728	0.07233	0.08035	0.08488	0.11154	0.03954	0.06166	0.00483	0.02517	0.04062	0.014	0.01036
0.0953	0.0709	0.07843	0.08312	0.10908	0.03848	0.06024	0.00454	0.02463	0.04018	0.01361	0.0104
0.09332	0.06942	0.07647	0.08132	0.10665	0.03745	0.05884	0.00425	0.02409	0.03982	0.01318	0.00984
0.09142	0.06803	0.07454	0.07959	0.10426	0.03648	0.05738	0.00396	0.02357	0.03941	0.01279	0.00962
0.08954	0.06668	0.07266	0.07771	0.10188	0.03554	0.056	0.00364	0.02304	0.03897	0.01236	0.00896
0.08765	0.06532	0.07077	0.07585	0.09956	0.03468	0.05457	0.00328	0.02253	0.03849	0.012	0.00901
0.0858	0.06398	0.06891	0.07394	0.09726	0.03377	0.05316	0.00288	0.02203	0.03797	0.01161	0.00883
0.08409	0.06264	0.06711	0.07203	0.095	0.03289	0.05183	0.00252	0.02155	0.03749	0.01125	0.00879
0.08237	0.06139	0.06537	0.07012	0.09277	0.03201	0.05047	0.00216	0.02109	0.0371	0.01093	0.00822
0.08067	0.06018	0.06361	0.06821	0.09056	0.03116	0.04914	0.0018	0.02065	0.03679	0.01061	0.00796
0.07903	0.05896	0.06191	0.06647	0.08838	0.03026	0.04784	0.00141	0.02021	0.03649	0.01032	0.0073
0.07739	0.05781	0.06026	0.06475	0.08625	0.02939	0.04655	0.00105	0.01978	0.03626	0.01004	0.00708
0.07568	0.05663	0.05861	0.06322	0.08412	0.02853	0.04526	7.20721E-4	0.01932	0.03605	0.00975	0.00678
0.07401	0.05553	0.05698	0.06183	0.08203	0.02766	0.04407	4.32432E-4	0.01889	0.03579	0.00954	0.00669
0.07235	0.05452	0.05541	0.06042	0.07997	0.02709	0.04286	1.08108E-4	0.0185	0.03556	0.00925	0.00678
0.07067	0.05352	0.05385	0.05907	0.07792	0.02625	0.04171	-1.8018E-4	0.01812	0.03531	0.00893	0.00656
0.06899	0.05255	0.05226	0.0577	0.07585	0.02545	0.04066	-4.68468E-4	0.01775	0.0351	0.00861	0.00673
0.06731	0.05163	0.05081	0.05631	0.07385	0.02469	0.03958	-7.56757E-4	0.01738	0.03487	0.00836	0.0059
0.06565	0.05071	0.04937	0.05496	0.07187	0.02395	0.03857	-0.00105	0.01703	0.03467	0.00811	0.00529
0.06401	0.04973	0.04802	0.05368	0.0699	0.02329	0.03758	-0.00133	0.01673	0.03446	0.00789	0.00516
0.06242	0.04868	0.04671	0.05239	0.06803	0.02266	0.03659	-0.00162	0.0164	0.03415	0.00771	0.00516
0.06089	0.04771	0.04542	0.0512	0.06622	0.02208	0.03567	-0.00198	0.0161	0.03379	0.00754	0.00507
0.0594	0.04673	0.04417	0.05002	0.06446	0.02152	0.03486	-0.00231	0.0158	0.03341	0.00736	0.00507
0.05793	0.04581	0.04299	0.04877	0.06275	0.02094	0.03399	-0.00256	0.0155	0.033	0.00718	0.00516
0.05659	0.04488	0.04186	0.04759	0.06104	0.02045	0.03312	-0.00288	0.01519	0.03254	0.007	0.0052
0.05532	0.04394	0.04071	0.04645	0.0594	0.01992	0.03229	-0.00328	0.01489	0.03205	0.00689	0.00503
0.05406	0.04299	0.03964	0.04534	0.0578	0.01939	0.0315	-0.00364	0.0146	0.03162	0.00675	0.00472
0.05286	0.04209	0.03858	0.04431	0.05622	0.01888	0.03071	-0.00393	0.01432	0.03121	0.00664	0.00459
0.05167	0.04112	0.03754	0.04328	0.05474	0.01839	0.02996	-0.00422	0.01406	0.03074	0.00654	0.00459
0.05049	0.04028	0.03651	0.04232	0.05331	0.01793	0.02924	-0.00447	0.01379	0.03023	0.00646	0.00437
0.04934	0.03944	0.03555	0.04137	0.05195	0.01752	0.02853	-0.00468	0.01353	0.02979	0.00636	0.00437
0.04823	0.03863	0.03458	0.04038	0.05064	0.01714	0.02789	-0.00486	0.01329	0.02936	0.00629	0.00358
0.04714	0.03793	0.03364	0.03946	0.04937	0.01676	0.02725	-0.00505	0.01306	0.02895	0.00621	0.00372
0.04609	0.03728	0.03274	0.0386	0.04812	0.01643	0.02666	-0.00523	0.01285	0.02846	0.00607	0.00358
0.0451	0.03662	0.03185	0.03778	0.04693	0.01614	0.02609	-0.00537	0.01263	0.02805	0.00596	0.00363
0.04411	0.03606	0.03099	0.03698	0.04575	0.01586	0.02551	-0.00548	0.01242	0.02764	0.00586	0.00363
0.04314	0.0355	0.03024	0.0362	0.04458	0.0156	0.025	-0.00562	0.01224	0.02715	0.00575	0.00376
0.0422	0.03494	0.02943	0.03541	0.04348	0.01531	0.0245	-0.00573	0.01204	0.02672	0.00568	0.00328
0.04125	0.03451	0.02861	0.03458	0.04238	0.01503	0.02399	-0.00587	0.01185	0.02631	0.00554	0.00341
0.03995	0.03403	0.02788	0.03378	0.04132	0.01474	0.02355	-0.00595	0.01164	0.02587	0.00539	0.00284
0.03902	0.03349	0.02711	0.03296	0.04032	0.01472	0.02305	-0.00609	0.01147	0.02544	0.00532	0.00289
0.03812	0.0329	0.02634	0.03218	0.03933	0.01447	0.02251	-0.0062	0.01129	0.02503	0.00521	0.00219
0.03732	0.03222	0.02567	0.03146	0.03837	0.01424	0.02208	-0.00627	0.01112	0.02462	0.00511	0.00223
0.03651	0.03159	0.02498	0.03074	0.03749	0.014	0.02163	-0.00634	0.01095	0.02421	0.005	0.0028
0.03572	0.03096	0.02429	0.03001	0.03659	0.01378	0.02124	-0.00638	0.01078	0.02387	0.00486	0.00289
0.03493	0.0304	0.02362	0.02936	0.03571	0.01354	0.02083	-0.00641	0.0106	0.02364	0.00475	0.0031
0.0342	0.02983	0.02295	0.0287	0.03484	0.01332	0.02041	-0.00641	0.01041	0.02351	0.00464	0.00297
0.0335	0.02928	0.02233	0.02807	0.03399	0.01305	0.01999	-0.00638	0.01024	0.02344	0.00457	0.00254
0.03286	0.0288	0.02176	0.02751	0.03318	0.01283	0.01963	-0.00638	0.01008	0.02341	0.00446	0.00249
0.03226	0.02833	0.02119	0.02699	0.03244	0.01261	0.01933	-0.00638	0.00993	0.02346	0.00439	0.00197
0.03169	0.02782	0.0206	0.02647	0.03171	0.01239	0.01899	-0.00631	0.0098	0.02354	0.00429	0.00205
0.03114	0.02736	0.02006	0.02594	0.03098	0.01219	0.01868	-0.00623	0.00965	0.02356	0.00421	0.00192
0.03059	0.02686	0.0195	0.02545	0.03031	0.01201	0.01837	-0.00623	0.00951	0.02356	0.00414	0.00219
0.03006	0.02639	0.01899	0.02498	0.02965	0.01181	0.01805	-0.0062	0.0094	0.02364	0.00407	0.00192
0.02954	0.02592	0.01853	0.02457	0.02902	0.01165	0.01778	-0.00616	0.00927	0.02374	0.00396	0.00232
0.02905	0.02541	0.01786	0.02416	0.02839	0.01147	0.01754	-0.00613	0.00916	0.02379	0.00389	0.0021
0.02859	0.02494	0.01739	0.02382	0.02779	0.01128	0.01728	-0.00605	0.00904	0.0239	0.00379	0.00245
0.02814	0.02453	0.01695	0.02346	0.0272	0.01111	0.01703	-0.00602	0.00894	0.02403	0.00364	0.0021
0.0277	0.02408	0.0165	0.02307	0.02664	0.01094	0.0168	-0.00595	0.00884	0.02421	0.00354	0.00245
0.02728	0.02363	0.01606	0.02266	0.02609	0.01078	0.01658	-0.00587	0.00871	0.02431	0.00343	0.00227
0.02687	0.02318	0.01568	0.02227	0.02555	0.01059	0.01639	-0.00584	0.00858	0.02441	0.00336	0.00258
0.02648	0.02268	0.0153	0.02186	0.02505	0.01041	0.01613	-0.00577	0.00847	0.02454	0.00325	0.00223
0.02615	0.02218	0.01497	0.02149	0.02456	0.0102	0.01588	-0.00577	0.00837	0.02464	0.00314	0.00262
0.02582	0.02176	0.01466	0.02116	0.02407	0.01003	0.01564	-0.00573	0.00829	0.02474	0.00304	0.00249
0.02551	0.02135	0.01436	0.02087	0.02361	0.00986	0.01545	-0.00573	0.00817	0.02492	0.00296	0.00289
0.02531	0.02113	0.01416	0.0206	0.02331	0.00977	0.01525	-0.00566	0.00812	0.0251	0.00286	0.00284
0.02509	0.02092	0.014	0.02036	0.02302	0.00968	0.01509	-0.00559	0.00804	0.02526	0.00279	0.00323
0.02487	0.02069	0.01385	0.02007	0.02275	0.00959	0.01492	-0.00562	0.00798	0.02546	0.00275	0.0031
0.02465	0.02047	0.01366	0.01977	0.02248	0.00949	0.01475	-0.00562	0.00794	0.02554	0.00271	0.00297
0.02445	0.02021	0.0135	0.01953	0.0222	0.00939	0.01462	-0.00562	0.00789	0.02562	0.00268	0.00302
0.02425	0.01998	0.01335	0.01925	0.02195	0.00928	0.01449	-0.00559	0.00784	0.02569	0.00261	0.0028
0.02405	0.01977	0.0132	0.01899	0.02172	0.00918	0.01436	-0.00559	0.00779	0.02582	0.0025	0.00297
0.02387	0.01953	0.01306	0.01874	0.02148	0.00908	0.01424	-0.00562	0.00773	0.02592	0.00243	0.0031
0.02369	0.01934	0.01291	0.0185	0.02126	0.00897	0.01408	-0.00562	0.00767	0.02603	0.00232	0.00323
0.02352	0.01907	0.01275	0.01825	0.02105	0.00892	0.01391	-0.00562	0.00761	0.026	0.00221	0.00363
0.02335	0.01884	0.01255	0.01804	0.02085	0.00882	0.01378	-0.00566	0.00756	0.02603	0.00218	0.00354
0.02316	0.01856	0.01239	0.01781	0.02068	0.00873	0.01359	-0.00573	0.00752	0.02605	0.00211	0.00389
0.02297	0.0183	0.01224	0.01758	0.02049	0.00864	0.01341	-0.00573	0.00748	0.02618	0.00204	0.0038
0.02276	0.01803	0.01206	0.01745	0.0203	0.00855	0.01335	-0.00574	0.00741	0.02623	0.00197	0.00401
0.02256	0.01783	0.01189	0.0173	0.02013	0.00848	0.01326	-0.00576	0.00733	0.02628	0.00194	0.0039
0.02235	0.0176	0.01175	0.01716	0.01993	0.00842	0.01317	-0.00577	0.00727	0.02637	0.00187	0.00397
0.02214	0.0174	0.01155	0.01705	0.01974	0.00836	0.0131	-0.00583	0.00721	0.02643	0.00183	0.0039
0.02194	0.01724	0.01141	0.0169	0.01956	0.00829	0.01304	-0.00586	0.00716	0.02644	0.00183	0.00404
0.02177	0.01708	0.01133	0.01678	0.01938	0.00822	0.01295	-0.00593	0.00711	0.02642	0.00183	0.00397
0.0216	0.01693	0.0112	0.01667	0.01919	0.00817	0.01285	-0.00601	0.00706	0.02639	0.00184	0.00425
0.02144	0.01679	0.01107	0.01654	0.01901	0.00808	0.01273	-0.00604	0.00703	0.02643	0.00179	0.00405
0.02131	0.0166	0.01098	0.01645	0.01886	0.00799	0.01266	-0.00614	0.007	0.02648	0.00179	0.00451
0.02115	0.01646	0.01081	0.01635	0.01871	0.00791	0.01263	-0.00613	0.00694	0.0265	0.00179	0.00423
0.02098	0.0163	0.0106	0.01627	0.01858	0.00781	0.01259	-0.00618	0.0069	0.02651	0.00179	0.00429
0.02083	0.0161	0.01048	0.0162	0.01845	0.00774	0.0125	-0.00617	0.00685	0.02643	0.00179	0.00404
