4004
4008
4012
4016
4020
4024
4028
4032
4036
4040
4044
4048
4052
4056
4060
4064
4068
4072
4076
4080
4084
4088
4092
4096
4100
4104
4108
4112
4116
4120
4124
4128
4132
4136
4140
4144
4148
4152
4156
4160
4164
4168
4172
4176
4180
4184
4188
4192
4196
4200
4204
4208
4212
4216
4220
4224
4228
4232
4236
4240
4244
4248
4252
4256
4260
4264
4268
4272
4276
4280
4284
4288
4292
4296
4300
4304
4308
4312
4316
4320
4324
4328
4332
4336
4340
4344
4348
4352
4356
4360
4364
4368
4372
4376
4380
4384
4388
4392
4396
4400
4404
4408
4412
4416
4420
4424
4428
4432
4436
4440
4444
4448
4452
4456
4460
4464
4468
4472
4476
4480
4484
4488
4492
4496
4500
4504
4508
4512
4516
4520
4524
4528
4532
4536
4540
4544
4548
4552
4556
4560
4564
4568
4572
4576
4580
4584
4588
4592
4596
4600
4604
4608
4612
4616
4620
4624
4628
4632
4636
4640
4644
4648
4652
4656
4660
4664
4668
4672
4676
4680
4684
4688
4692
4696
4700
4704
4708
4712
4716
4720
4724
4728
4732
4736
4740
4744
4748
4752
4756
4760
4764
4768
4772
4776
4780
4784
4788
4792
4796
4800
4804
4808
4812
4816
4820
4824
4828
4832
4836
4840
4844
4848
4852
4856
4860
4864
4868
4872
4876
4880
4884
4888
4892
4896
4900
4904
4908
4912
4916
4920
4924
4928
4932
4936
4940
4944
4948
4952
4956
4960
4964
4968
4972
4976
4980
4984
4988
4992
4996
5000
5004
5008
5012
5016
5020
5024
5028
5032
5036
5040
5044
5048
5052
5056
5060
5064
5068
5072
5076
5080
5084
5088
5092
5096
5100
5104
5108
5112
5116
5120
5124
5128
5132
5136
5140
5144
5148
5152
5156
5160
5164
5168
5172
5176
5180
5184
5188
5192
5196
5200
5204
5208
5212
5216
5220
5224
5228
5232
5236
5240
5244
5248
5252
5256
5260
5264
5268
5272
5276
5280
5284
5288
5292
5296
5300
5304
5308
5312
5316
5320
5324
5328
5332
5336
5340
5344
5348
5352
5356
5360
5364
5368
5372
5376
5380
5384
5388
5392
5396
5400
5404
5408
5412
5416
5420
5424
5428
5432
5436
5440
5444
5448
5452
5456
5460
5464
5468
5472
5476
5480
5484
5488
5492
5496
5500
5504
5508
5512
5516
5520
5524
5528
5532
5536
5540
5544
5548
5552
5556
5560
5564
5568
5572
5576
5580
5584
5588
5592
5596
5600
5604
5608
5612
5616
5620
5624
5628
5632
5636
5640
5644
5648
5652
5656
5660
5664
5668
5672
5676
5680
5684
5688
5692
5696
5700
5704
5708
5712
5716
5720
5724
5728
5732
5736
5740
5744
5748
5752
5756
5760
5764
5768
5772
5776
5780
5784
5788
5792
5796
5800
5804
5808
5812
5816
5820
5824
5828
5832
5836
5840
5844
5848
5852
5856
5860
5864
5868
5872
5876
5880
5884
5888
5892
5896
5900
5904
5908
5912
5916
5920
5924
5928
5932
5936
5940
5944
5948
5952
5956
5960
5964
5968
5972
5976
5980
5984
5988
5992
5996
6000
6004
6008
6012
6016
6020
6024
6028
6032
6036
6040
6044
6048
6052
6056
6060
6064
6068
6072
6076
6080
6084
6088
6092
6096
6100
6104
6108
6112
6116
6120
6124
6128
6132
6136
6140
6144
6148
6152
6156
6160
6164
6168
6172
6176
6180
6184
6188
6192
6196
6200
6204
6208
6212
6216
6220
6224
6228
6232
6236
6240
6244
6248
6252
6256
6260
6264
6268
6272
6276
6280
6284
6288
6292
6296
6300
6304
6308
6312
6316
6320
6324
6328
6332
6336
6340
6344
6348
6352
6356
6360
6364
6368
6372
6376
6380
6384
6388
6392
6396
6400
6404
6408
6412
6416
6420
6424
6428
6432
6436
6440
6444
6448
6452
6456
6460
6464
6468
6472
6476
6480
6484
6488
6492
6496
6500